0 0.861998 0.871381 0.029758 0.041744
0 0.861321 0.750154 0.033001 0.048209
0 0.399796 0.913895 0.034713 0.042324
0 0.140759 0.789990 0.038200 0.042539
0 0.654157 0.155909 0.031625 0.049638
0 0.398520 0.624706 0.035259 0.044914
0 0.603767 0.539147 0.032888 0.041627
0 0.139461 0.706919 0.029014 0.038005
0 0.502775 0.449884 0.039237 0.042493
0 0.141139 0.833460 0.030797 0.040763
0 0.189760 0.502452 0.034164 0.039861
0 0.862107 0.896353 0.030690 0.068694
0 0.758248 0.538040 0.033734 0.043910
0 0.603988 0.663477 0.031685 0.044996
0 0.399754 0.753028 0.029739 0.046836
0 0.450692 0.667058 0.033780 0.047145
0 0.346871 0.497674 0.035431 0.044475
0 0.088039 0.290960 0.035211 0.049732
0 0.142571 0.159069 0.034330 0.051650
0 0.347387 0.663573 0.034702 0.045685
0 0.139470 0.666279 0.034204 0.049786
0 0.858691 0.157932 0.035905 0.048670
0 0.604102 0.622295 0.034299 0.049953
0 0.604497 0.831813 0.032605 0.043506
0 0.602616 0.916032 0.030563 0.044368
0 0.654684 0.330007 0.035353 0.044809
0 0.398928 0.539593 0.031079 0.042602
0 0.604251 0.747633 0.034139 0.041936
0 0.601892 0.873873 0.035011 0.043166
0 0.758127 0.622323 0.033674 0.048573
0 0.603049 0.412585 0.030248 0.044362
0 0.450400 0.158823 0.034227 0.047508
0 0.401178 0.829420 0.030408 0.042637
0 0.450433 0.708242 0.032919 0.035293
0 0.141741 0.903596 0.033888 0.027394
0 0.656080 0.505632 0.032506 0.034912
0 0.346387 0.704401 0.036548 0.040508
0 0.455561 0.917744 0.021835 0.038684
0 0.398430 0.664918 0.033836 0.044504
0 0.808403 0.451779 0.035061 0.044212
0 0.861755 0.824927 0.031442 0.036023
0 0.756120 0.413489 0.037671 0.046482
0 0.450826 0.869704 0.031991 0.046943
0 0.653999 0.371040 0.028562 0.043734
0 0.603685 0.789831 0.031875 0.044544
0 0.242951 0.161590 0.034818 0.045382
0 0.190070 0.202552 0.036335 0.051416
0 0.654369 0.245585 0.032894 0.045819
0 0.398512 0.459946 0.035070 0.047338
0 0.703985 0.332212 0.029124 0.045460
0 0.295064 0.457615 0.035302 0.045702
0 0.552359 0.374296 0.030405 0.042635
0 0.450933 0.577677 0.033125 0.046254
0 0.861141 0.704765 0.038385 0.049170
0 0.602797 0.156874 0.032442 0.048622
0 0.139064 0.459603 0.033635 0.046496
0 0.860164 0.620287 0.034462 0.048395
0 0.139708 0.626160 0.034036 0.046117
0 0.758331 0.499549 0.032230 0.038880
0 0.348924 0.917931 0.033124 0.039961
0 0.603645 0.579608 0.034019 0.042891
0 0.351417 0.825258 0.030161 0.047777
0 0.757866 0.456007 0.038108 0.045872
0 0.450248 0.458475 0.032540 0.048437
0 0.859762 0.208761 0.035456 0.044925
0 0.398274 0.383080 0.032701 0.040186
0 0.139613 0.742658 0.029787 0.044378
0 0.450926 0.289419 0.032897 0.041178
0 0.809294 0.330022 0.030978 0.040005
0 0.858881 0.256082 0.034764 0.053101
0 0.294153 0.331952 0.033699 0.037497
0 0.345720 0.791524 0.045332 0.047036
0 0.450791 0.623951 0.033733 0.048223
0 0.347391 0.432364 0.034970 0.043675
0 0.189615 0.418849 0.028635 0.046992
0 0.756465 0.372999 0.034979 0.041234
0 0.859578 0.231498 0.033702 0.029036
0 0.140222 0.290226 0.032177 0.041448
0 0.449865 0.331998 0.031681 0.038949
0 0.346870 0.291254 0.033905 0.044668
0 0.398238 0.420638 0.033325 0.041114
0 0.294100 0.413013 0.037331 0.044111
0 0.401611 0.870600 0.028083 0.038052
0 0.192040 0.158027 0.029931 0.037888
0 0.142561 0.873037 0.027910 0.030897
0 0.654087 0.288038 0.032404 0.041816
0 0.757071 0.244080 0.032448 0.046553
0 0.399572 0.579318 0.031658 0.044869
0 0.757752 0.577817 0.033204 0.036956
0 0.551468 0.289964 0.037175 0.048303
0 0.140005 0.584178 0.032742 0.046779
0 0.348454 0.807691 0.038595 0.057309
0 0.191364 0.290218 0.033713 0.035628
0 0.756356 0.152014 0.034018 0.036913
0 0.604555 0.368741 0.032207 0.048984
0 0.602876 0.456573 0.036363 0.043720
0 0.399200 0.502112 0.033846 0.040971
0 0.704878 0.247342 0.035099 0.046240
0 0.294735 0.295584 0.032985 0.034254
0 0.603427 0.245730 0.033369 0.043619
0 0.449977 0.370920 0.031322 0.046202
0 0.911834 0.494597 0.030976 0.044156
0 0.347948 0.869889 0.033818 0.042823
0 0.398325 0.707858 0.035115 0.045963
0 0.551891 0.336701 0.033088 0.037191
0 0.861503 0.372324 0.030916 0.042010
0 0.451085 0.785548 0.032472 0.041609
0 0.603926 0.497347 0.033158 0.046365
0 0.398912 0.332534 0.035844 0.047071
0 0.347083 0.623904 0.034752 0.047471
0 0.503963 0.309476 0.043373 0.047853
0 0.449923 0.496145 0.032801 0.048298
0 0.139558 0.540940 0.033518 0.044688
0 0.294523 0.367326 0.035401 0.038888
0 0.347309 0.569623 0.031639 0.038034
0 0.504258 0.356271 0.042575 0.049857
0 0.654425 0.415473 0.030787 0.048696
0 0.348747 0.536644 0.032593 0.043475
0 0.347028 0.455497 0.036208 0.048243
0 0.703665 0.159598 0.035554 0.049073
0 0.398373 0.366778 0.032453 0.038657
0 0.451616 0.244812 0.032999 0.044500
0 0.757651 0.338859 0.032650 0.043763
0 0.859644 0.472404 0.034626 0.056421
0 0.346075 0.366866 0.032284 0.046377
0 0.346763 0.330291 0.031593 0.038701
0 0.602949 0.290179 0.031174 0.048687
0 0.449839 0.412997 0.030938 0.045611
0 0.909868 0.240247 0.037465 0.042770
0 0.450955 0.554602 0.032586 0.043830
0 0.349233 0.754088 0.031928 0.042183
0 0.398379 0.291012 0.037353 0.045086
0 0.859848 0.456800 0.032941 0.038003
0 0.191102 0.273033 0.031970 0.024637
0 0.451245 0.202689 0.031570 0.038550
0 0.808493 0.371768 0.033629 0.044315
0 0.807466 0.288648 0.035931 0.041251
0 0.502463 0.149053 0.041091 0.037755
0 0.451111 0.746811 0.030927 0.040159
0 0.139929 0.248227 0.034536 0.049556
0 0.503082 0.291010 0.041222 0.052810
0 0.654338 0.459052 0.031854 0.044612
0 0.294940 0.198640 0.034060 0.040783
0 0.653536 0.202414 0.035059 0.041974
0 0.603936 0.693470 0.030199 0.048171
0 0.295069 0.249260 0.033436 0.046355
0 0.346486 0.248698 0.031355 0.045526
0 0.190426 0.249893 0.029773 0.040597
0 0.705365 0.287643 0.031612 0.045592
0 0.654467 0.299408 0.034405 0.027164
0 0.244292 0.209163 0.028169 0.041044
0 0.912353 0.573291 0.031854 0.042780
0 0.911403 0.705810 0.035711 0.049578
0 0.400122 0.797355 0.028379 0.032845
0 0.860906 0.579949 0.032821 0.041880
0 0.859444 0.327672 0.034616 0.041769
0 0.603348 0.304590 0.031372 0.032277
0 0.192590 0.330288 0.030190 0.045220
0 0.502410 0.402926 0.050960 0.052982
0 0.859248 0.301611 0.033216 0.035910
0 0.346940 0.607989 0.033047 0.027802
0 0.756631 0.303164 0.034221 0.029678
0 0.911039 0.366868 0.034127 0.049239
0 0.190283 0.459188 0.028948 0.036679
0 0.603469 0.329185 0.032623 0.037532
0 0.452029 0.827211 0.029986 0.046679
0 0.756501 0.289126 0.034578 0.046021
0 0.654552 0.430319 0.030439 0.023878
0 0.503185 0.179854 0.039121 0.037512
0 0.450427 0.528011 0.030279 0.024686
0 0.345156 0.206835 0.035385 0.045251
0 0.911504 0.321890 0.032648 0.034295
0 0.860632 0.532919 0.031329 0.052906
0 0.706305 0.200616 0.033387 0.045271
0 0.140962 0.207617 0.036917 0.042051
0 0.294961 0.266095 0.032921 0.031406
0 0.603767 0.198140 0.033248 0.046110
0 0.141907 0.325077 0.029414 0.028898
0 0.757533 0.214629 0.031926 0.030730
0 0.294651 0.427576 0.036742 0.034820
0 0.346872 0.404063 0.032069 0.030722
0 0.140995 0.379326 0.031254 0.044096
0 0.140658 0.405947 0.028604 0.035404
0 0.502435 0.241157 0.039774 0.042896
0 0.396378 0.202968 0.033456 0.041270
0 0.449920 0.441172 0.031679 0.043208
0 0.912124 0.534272 0.030175 0.042389
0 0.348449 0.734905 0.031830 0.036400
0 0.503541 0.376003 0.047612 0.045028
0 0.515196 0.738696 0.025228 0.038273
0 0.140179 0.434137 0.031841 0.026918
0 0.140754 0.508569 0.030350 0.023522
0 0.911011 0.200323 0.034548 0.040343
0 0.398801 0.268121 0.035030 0.029896
0 0.502082 0.479510 0.039513 0.029460
0 0.860481 0.512635 0.031251 0.042412
0 0.859452 0.417506 0.034211 0.047066
0 0.912012 0.418570 0.029293 0.044594
0 0.911675 0.288506 0.029972 0.041531
0 0.758419 0.192294 0.030427 0.033084
0 0.140865 0.366652 0.032106 0.023900
0 0.808233 0.412461 0.034173 0.030581
0 0.861449 0.772589 0.033347 0.052750
0 0.603375 0.430315 0.033980 0.051109
0 0.139996 0.483709 0.032339 0.033948
0 0.450636 0.729921 0.032311 0.063997
0 0.346488 0.276711 0.032551 0.037124
0 0.756613 0.175314 0.033416 0.029212
0 0.911440 0.263398 0.031954 0.036695
0 0.398568 0.249893 0.033282 0.042762
0 0.912461 0.615110 0.033259 0.040322
0 0.451775 0.814898 0.032182 0.030346
0 0.858660 0.436102 0.035547 0.043974
0 0.141218 0.341862 0.031835 0.026439
0 0.911051 0.339309 0.033595 0.040027
0 0.654626 0.267251 0.033144 0.045159
0 0.912581 0.670732 0.033344 0.033703
0 0.911938 0.399853 0.030367 0.029486
0 0.345481 0.769364 0.043654 0.060120
0 0.757625 0.437947 0.037026 0.048489
0 0.190562 0.375206 0.036757 0.037566
0 0.503022 0.208969 0.038856 0.031891
0 0.911490 0.454248 0.030085 0.031827
0 0.346203 0.587869 0.034384 0.040125
0 0.501884 0.508128 0.039682 0.052885
0 0.140221 0.525423 0.033611 0.041071
0 0.451689 0.889285 0.029437 0.051499
0 0.190541 0.365708 0.035970 0.019952
0 0.139786 0.882615 0.039211 0.055199
0 0.912736 0.646879 0.032295 0.047314
0 0.861513 0.669653 0.034540 0.026252
0 0.860672 0.549292 0.030573 0.032800
0 0.861962 0.679677 0.036787 0.032456
0 0.233682 0.412972 0.023715 0.024276
0 0.503323 0.566856 0.012544 0.030996
0 0.189961 0.447586 0.031163 0.031089
0 0.397004 0.436531 0.037086 0.062967
0 0.758031 0.515805 0.033888 0.051414
0 0.504574 0.520444 0.025813 0.043062
0 0.346661 0.513967 0.034889 0.053436
0 0.604000 0.476055 0.036129 0.084104
0 0.503300 0.552954 0.035541 0.048643
0 0.858375 0.181562 0.034397 0.034694
0 0.480830 0.056593 0.916111 0.113186
