0 0.296463 0.908315 0.034511 0.042401
0 0.087323 0.304235 0.035339 0.046258
0 0.500967 0.453341 0.042462 0.048581
0 0.606648 0.909761 0.033743 0.042133
0 0.193517 0.913685 0.032974 0.042539
0 0.191450 0.584318 0.032056 0.043551
0 0.761055 0.910237 0.037052 0.050465
0 0.710780 0.861797 0.034548 0.044547
0 0.604879 0.618357 0.034272 0.043385
0 0.140436 0.826663 0.037093 0.047808
0 0.709950 0.822155 0.036031 0.048622
0 0.398331 0.463280 0.034301 0.043659
0 0.550399 0.382763 0.033945 0.042755
0 0.143248 0.709139 0.032853 0.041544
0 0.911697 0.405374 0.036116 0.042336
0 0.549815 0.210242 0.035142 0.039837
0 0.603507 0.497514 0.036593 0.042575
0 0.296758 0.867347 0.037285 0.045059
0 0.552839 0.500392 0.034757 0.042124
0 0.400787 0.746150 0.034708 0.049682
0 0.551872 0.422767 0.032821 0.041228
0 0.659094 0.781142 0.031972 0.047117
0 0.296927 0.548749 0.031807 0.044977
0 0.450466 0.462271 0.029803 0.041077
0 0.295654 0.383254 0.034914 0.042688
0 0.449544 0.383244 0.031187 0.047388
0 0.811411 0.613870 0.035917 0.044315
0 0.089048 0.346927 0.029911 0.037953
0 0.193944 0.866930 0.033539 0.044088
0 0.555830 0.906990 0.035566 0.049269
0 0.397995 0.425880 0.033855 0.041516
0 0.653554 0.294523 0.032236 0.044856
0 0.449243 0.502855 0.031537 0.046531
0 0.399241 0.580989 0.032389 0.048268
0 0.347021 0.462084 0.030676 0.046664
0 0.294878 0.464689 0.035941 0.045153
0 0.346343 0.340569 0.035131 0.049585
0 0.654765 0.372406 0.034113 0.045436
0 0.243198 0.383551 0.033666 0.045252
0 0.447090 0.161062 0.033030 0.046860
0 0.449198 0.298591 0.033537 0.043628
0 0.604657 0.575931 0.033781 0.039086
0 0.142001 0.866095 0.031242 0.040370
0 0.244654 0.504595 0.035776 0.049576
0 0.296230 0.506300 0.033735 0.048741
0 0.089003 0.505637 0.034305 0.032502
0 0.292971 0.164966 0.034165 0.039188
0 0.398606 0.507263 0.031587 0.044696
0 0.087848 0.387209 0.034716 0.049499
0 0.344723 0.252094 0.035050 0.044850
0 0.295987 0.622524 0.035025 0.052548
0 0.448484 0.340378 0.033937 0.040139
0 0.552049 0.461326 0.034681 0.040843
0 0.347711 0.506363 0.029866 0.040440
0 0.139912 0.381783 0.030719 0.041958
0 0.395432 0.207911 0.035857 0.047604
0 0.189495 0.163920 0.030739 0.036431
0 0.296790 0.667791 0.034692 0.046318
0 0.343737 0.164175 0.033723 0.042653
0 0.452946 0.745226 0.034491 0.039445
0 0.810304 0.492999 0.030563 0.042927
0 0.857536 0.240720 0.036296 0.045077
0 0.294761 0.428061 0.033203 0.038462
0 0.855254 0.152074 0.035524 0.044515
0 0.395590 0.253392 0.035303 0.043968
0 0.502987 0.382306 0.043481 0.040714
0 0.190147 0.428104 0.034362 0.042265
0 0.395794 0.161882 0.037069 0.047845
0 0.909009 0.316036 0.034708 0.042264
0 0.244043 0.462561 0.032976 0.040083
0 0.761473 0.862638 0.034797 0.050441
0 0.602249 0.289890 0.030886 0.045553
0 0.400156 0.662786 0.036253 0.044424
0 0.398991 0.534891 0.031517 0.029596
0 0.346386 0.418675 0.035852 0.045837
0 0.811879 0.771844 0.030920 0.051753
0 0.192570 0.826532 0.029927 0.037834
0 0.293802 0.297593 0.032418 0.043762
0 0.606313 0.821073 0.032613 0.043440
0 0.858801 0.367922 0.036325 0.044241
0 0.706232 0.539305 0.032494 0.041983
0 0.606664 0.779665 0.034001 0.044948
0 0.190146 0.300879 0.033289 0.042817
0 0.139693 0.340447 0.031509 0.042213
0 0.650581 0.203735 0.031382 0.039260
0 0.143333 0.666657 0.033283 0.042203
0 0.141534 0.586466 0.033750 0.040363
0 0.807990 0.368342 0.033466 0.046611
0 0.551534 0.342610 0.033439 0.035288
0 0.604942 0.537455 0.033069 0.042387
0 0.550076 0.252527 0.033083 0.042662
0 0.907302 0.153354 0.035218 0.046806
0 0.397792 0.375766 0.032202 0.037500
0 0.399695 0.342996 0.027662 0.032840
0 0.453001 0.663395 0.034700 0.044824
0 0.812668 0.910674 0.034383 0.031988
0 0.447250 0.247424 0.036176 0.051920
0 0.860356 0.406210 0.032750 0.041883
0 0.295432 0.584836 0.034931 0.038283
0 0.451667 0.617608 0.031836 0.045447
0 0.551006 0.291947 0.030665 0.041738
0 0.297173 0.706996 0.033324 0.041458
0 0.192745 0.751888 0.033420 0.048698
0 0.295691 0.601432 0.034825 0.059278
0 0.296031 0.334022 0.030183 0.037061
0 0.709249 0.778876 0.032361 0.042483
0 0.606893 0.862325 0.032706 0.042326
0 0.701261 0.248726 0.032743 0.044576
0 0.343064 0.211023 0.034823 0.047455
0 0.600635 0.208888 0.032512 0.048026
0 0.499982 0.293783 0.041434 0.052535
0 0.500704 0.151242 0.042922 0.038390
0 0.240838 0.204371 0.033306 0.036245
0 0.810010 0.572248 0.033586 0.047740
0 0.139287 0.297203 0.028341 0.042984
0 0.140577 0.746057 0.032679 0.037474
0 0.140131 0.787303 0.029521 0.038052
0 0.139536 0.466332 0.034066 0.045847
0 0.554843 0.618934 0.032303 0.049890
0 0.450230 0.422290 0.030764 0.038767
0 0.556092 0.866940 0.036658 0.045738
0 0.656537 0.454510 0.034376 0.041733
0 0.810586 0.653573 0.035274 0.039844
0 0.191617 0.383772 0.034507 0.049211
0 0.345630 0.299783 0.033811 0.044610
0 0.603613 0.455861 0.031849 0.036210
0 0.142327 0.914534 0.040679 0.050307
0 0.707676 0.616666 0.033867 0.043672
0 0.602434 0.416636 0.032532 0.045132
0 0.192904 0.665097 0.033245 0.042897
0 0.599803 0.158919 0.030221 0.046967
0 0.605874 0.698321 0.034519 0.042127
0 0.192393 0.705364 0.029255 0.045917
0 0.399925 0.638267 0.035525 0.038839
0 0.397867 0.304609 0.033689 0.034695
0 0.515781 0.737431 0.029039 0.044002
0 0.555453 0.740845 0.033021 0.033031
0 0.553672 0.537009 0.036241 0.041848
0 0.192639 0.625315 0.029163 0.042903
0 0.088573 0.466280 0.034171 0.050311
0 0.297145 0.745798 0.034400 0.045515
0 0.139754 0.423975 0.032509 0.043705
0 0.296810 0.817991 0.034680 0.055355
0 0.450801 0.548478 0.031526 0.033524
0 0.293618 0.258573 0.032959 0.041426
0 0.813513 0.819868 0.034091 0.044306
0 0.498438 0.248991 0.042942 0.041413
0 0.649368 0.154617 0.030443 0.040547
0 0.653863 0.333812 0.032269 0.040451
0 0.452493 0.710235 0.033326 0.047220
0 0.759957 0.661515 0.033691 0.046213
0 0.347901 0.379639 0.030666 0.034886
0 0.706337 0.373099 0.034454 0.046615
0 0.451582 0.574714 0.032326 0.046299
0 0.141240 0.621826 0.032063 0.036674
0 0.813730 0.864432 0.034398 0.044274
0 0.757927 0.494082 0.037108 0.045523
0 0.761665 0.745356 0.032926 0.051377
0 0.398203 0.290375 0.032851 0.037221
0 0.705575 0.414770 0.030531 0.042773
0 0.658335 0.738611 0.031818 0.040253
0 0.756962 0.409486 0.034163 0.048099
0 0.658640 0.700326 0.032153 0.040205
0 0.501401 0.350757 0.042680 0.046848
0 0.860088 0.446468 0.032707 0.038214
0 0.400709 0.707288 0.034401 0.044603
0 0.555240 0.701614 0.033374 0.046558
0 0.761252 0.820056 0.033908 0.050113
0 0.397546 0.405935 0.032947 0.037552
0 0.193109 0.785062 0.036769 0.037956
0 0.501456 0.316079 0.043073 0.045197
0 0.601784 0.336963 0.033442 0.043608
0 0.656703 0.577316 0.034156 0.046317
0 0.243232 0.422328 0.030360 0.044732
0 0.811873 0.693503 0.034332 0.046969
0 0.554456 0.660686 0.033048 0.043724
0 0.758985 0.535365 0.036063 0.044545
0 0.706125 0.502445 0.033604 0.040735
0 0.761132 0.699467 0.031940 0.043256
0 0.759609 0.611076 0.034435 0.048712
0 0.602922 0.478844 0.036067 0.068340
0 0.297937 0.785545 0.032805 0.042850
0 0.140113 0.508562 0.031193 0.035987
0 0.656378 0.661887 0.035610 0.046481
0 0.807087 0.287469 0.033357 0.046383
0 0.911548 0.365069 0.030862 0.042712
0 0.555773 0.826239 0.039477 0.037782
0 0.706909 0.578043 0.033501 0.039540
0 0.554369 0.570214 0.032808 0.033419
0 0.759079 0.574152 0.034221 0.043239
0 0.600909 0.223630 0.032729 0.037483
0 0.602054 0.373911 0.033295 0.044704
0 0.396227 0.221556 0.033661 0.030540
0 0.447893 0.205314 0.033978 0.039948
0 0.501669 0.422513 0.053904 0.043911
0 0.653493 0.245123 0.030423 0.039430
0 0.655693 0.414677 0.028937 0.034492
0 0.241247 0.267630 0.030053 0.035228
0 0.448590 0.261034 0.033495 0.035020
0 0.760907 0.773634 0.034536 0.045407
0 0.190408 0.341618 0.031422 0.041194
0 0.756714 0.368256 0.034199 0.043780
0 0.709266 0.683749 0.035282 0.050299
0 0.191074 0.470430 0.031907 0.045330
0 0.853148 0.195947 0.035710 0.046704
0 0.606702 0.737603 0.032949 0.042500
0 0.907759 0.242395 0.034672 0.041730
0 0.499352 0.174772 0.043538 0.055087
0 0.709538 0.655114 0.033573 0.050063
0 0.189508 0.259778 0.031480 0.044201
0 0.242586 0.342202 0.033634 0.046421
0 0.190937 0.509095 0.031964 0.042064
0 0.703958 0.287182 0.029517 0.036865
0 0.240797 0.248087 0.030819 0.049147
0 0.189531 0.544993 0.033709 0.038065
0 0.605402 0.659376 0.035773 0.042891
0 0.908426 0.278612 0.035423 0.034268
0 0.657116 0.620068 0.035336 0.051501
0 0.656413 0.497746 0.033276 0.040586
0 0.649786 0.168347 0.030549 0.030527
0 0.398079 0.327926 0.033292 0.048151
0 0.189831 0.226924 0.030515 0.030405
0 0.555200 0.793389 0.034771 0.031272
0 0.601201 0.248478 0.031860 0.039372
0 0.343695 0.226135 0.034532 0.045315
0 0.190048 0.194433 0.029543 0.026283
0 0.453251 0.631621 0.034147 0.028123
0 0.292852 0.212132 0.032103 0.044877
0 0.242755 0.365756 0.033330 0.028187
0 0.241511 0.289811 0.030826 0.032859
0 0.857634 0.286151 0.032692 0.048490
0 0.704928 0.323768 0.030489 0.040131
0 0.806301 0.416450 0.036219 0.040178
0 0.140696 0.543427 0.031961 0.034717
0 0.241432 0.303684 0.032987 0.038671
0 0.190015 0.215695 0.030283 0.028075
0 0.656787 0.534315 0.033366 0.042583
0 0.804341 0.151468 0.036523 0.039875
0 0.805550 0.197529 0.034578 0.040197
0 0.708934 0.736501 0.033572 0.048398
0 0.087777 0.412049 0.034654 0.025607
0 0.702111 0.204452 0.030412 0.043924
0 0.601564 0.272001 0.030385 0.031009
0 0.860073 0.326763 0.029790 0.042129
0 0.756389 0.327229 0.033706 0.048469
0 0.292820 0.194838 0.031366 0.019221
0 0.908164 0.196627 0.036393 0.040734
0 0.706562 0.468895 0.031422 0.031588
0 0.293220 0.225733 0.031993 0.034644
0 0.758330 0.456157 0.036629 0.046826
0 0.808687 0.320378 0.030868 0.035269
0 0.240724 0.230429 0.030877 0.036932
0 0.704216 0.308281 0.030410 0.027830
0 0.812825 0.732790 0.030806 0.038260
0 0.555750 0.768359 0.034186 0.036639
0 0.191275 0.494224 0.030255 0.022123
0 0.808818 0.342435 0.031919 0.020484
0 0.859529 0.300725 0.028403 0.026872
0 0.809059 0.531785 0.032386 0.037603
0 0.706396 0.453218 0.031961 0.051096
0 0.709534 0.713490 0.033673 0.039670
0 0.807363 0.390752 0.034370 0.037950
0 0.806713 0.453631 0.034493 0.045866
0 0.653415 0.261913 0.032148 0.027919
0 0.296776 0.529862 0.032514 0.053707
0 0.756032 0.302547 0.034035 0.038026
0 0.189840 0.526986 0.034202 0.036933
0 0.757962 0.441841 0.035510 0.034766
0 0.088833 0.431402 0.032873 0.027183
0 0.756137 0.288072 0.035726 0.046744
0 0.806981 0.247631 0.033174 0.039041
0 0.754619 0.246780 0.034369 0.045875
0 0.140872 0.561687 0.033547 0.050782
0 0.499002 0.216846 0.040858 0.029617
0 0.804886 0.184121 0.034320 0.027972
0 0.756013 0.273770 0.034645 0.025534
0 0.555718 0.848330 0.039015 0.047166
0 0.909737 0.333040 0.034372 0.055349
0 0.605151 0.553991 0.034841 0.062176
0 0.243550 0.450778 0.032450 0.026095
0 0.806832 0.232402 0.033605 0.034975
0 0.449589 0.520548 0.033670 0.052682
0 0.139621 0.488439 0.034002 0.018355
0 0.243944 0.479829 0.034048 0.037328
0 0.554690 0.552860 0.034583 0.036217
0 0.754502 0.207907 0.033037 0.042348
0 0.451962 0.597441 0.035556 0.048876
0 0.709537 0.699045 0.032098 0.043691
0 0.139967 0.450601 0.033251 0.025697
0 0.555405 0.591094 0.033024 0.034188
0 0.296899 0.846007 0.037960 0.082422
0 0.654424 0.390196 0.034502 0.062075
0 0.908149 0.224852 0.034428 0.028329
