0 0.762065 0.154361 0.025452 0.029188
0 0.717943 0.819851 0.033278 0.033566
0 0.167021 0.468499 0.034479 0.036050
0 0.333089 0.818794 0.036021 0.040881
0 0.441927 0.594651 0.034027 0.030112
0 0.221593 0.529618 0.034591 0.036951
0 0.551309 0.595596 0.032012 0.037149
0 0.224326 0.818301 0.033287 0.033200
0 0.277100 0.808175 0.031157 0.050943
0 0.165852 0.500031 0.034903 0.036157
0 0.625452 0.154036 0.023619 0.030031
0 0.772817 0.691222 0.033573 0.032715
0 0.110894 0.850762 0.031518 0.033948
0 0.443459 0.561407 0.035710 0.037822
0 0.389058 0.625830 0.031563 0.035492
0 0.111126 0.753179 0.036469 0.037955
0 0.883145 0.436928 0.035648 0.039877
0 0.772798 0.661140 0.033483 0.034803
0 0.883058 0.469083 0.035480 0.031940
0 0.495400 0.795556 0.034781 0.029983
0 0.717950 0.752611 0.032232 0.036061
0 0.498558 0.524069 0.034511 0.032696
0 0.883057 0.564746 0.035808 0.037454
0 0.790033 0.154190 0.025505 0.030897
0 0.499656 0.536745 0.033655 0.027867
0 0.717798 0.692269 0.034869 0.032303
0 0.773640 0.371135 0.033122 0.035354
0 0.607737 0.629915 0.034017 0.033620
0 0.540311 0.155187 0.025856 0.032086
0 0.278115 0.466656 0.031843 0.032028
0 0.442688 0.467503 0.032379 0.040673
0 0.551093 0.721217 0.032269 0.035643
0 0.332674 0.593624 0.032750 0.036798
0 0.551184 0.496195 0.032042 0.035909
0 0.443115 0.626283 0.035189 0.034089
0 0.223114 0.850667 0.032630 0.036248
0 0.332461 0.627151 0.034159 0.034683
0 0.331658 0.465076 0.033659 0.035724
0 0.166803 0.562994 0.034024 0.037734
0 0.882180 0.819513 0.033984 0.037770
0 0.881658 0.627655 0.032215 0.036748
0 0.772090 0.720709 0.034614 0.036333
0 0.388319 0.530471 0.030520 0.035233
0 0.221954 0.562998 0.033498 0.037734
0 0.607476 0.563950 0.034581 0.037297
0 0.387716 0.850079 0.032570 0.037257
0 0.110147 0.530447 0.033642 0.035741
0 0.498085 0.442910 0.034363 0.048121
0 0.222195 0.466993 0.032252 0.031287
0 0.442247 0.880311 0.031510 0.035913
0 0.332165 0.529158 0.033806 0.037541
0 0.716652 0.880022 0.036624 0.033201
0 0.882903 0.785580 0.034904 0.035344
0 0.830073 0.373126 0.034600 0.037317
0 0.704849 0.155605 0.025557 0.028862
0 0.550824 0.689946 0.033031 0.035044
0 0.222510 0.400553 0.031706 0.037750
0 0.551344 0.629472 0.033526 0.034467
0 0.678622 0.155182 0.026598 0.029273
0 0.774314 0.562379 0.030911 0.036900
0 0.388224 0.593482 0.032691 0.036923
0 0.773088 0.821215 0.032457 0.036550
0 0.607262 0.500352 0.034421 0.033930
0 0.111627 0.817189 0.034941 0.037619
0 0.511724 0.879498 0.025199 0.031992
0 0.608156 0.532901 0.032019 0.034417
0 0.774043 0.529747 0.031342 0.036428
0 0.510844 0.586431 0.029494 0.038836
0 0.110316 0.401781 0.033208 0.038018
0 0.442793 0.848628 0.035036 0.033667
0 0.110941 0.498789 0.033282 0.033865
0 0.278421 0.498331 0.032287 0.036312
0 0.442397 0.719791 0.032083 0.037551
0 0.222212 0.594004 0.033077 0.035680
0 0.653211 0.153807 0.021108 0.029006
0 0.223652 0.784990 0.030594 0.032230
0 0.388657 0.403449 0.030864 0.037371
0 0.496860 0.506009 0.049223 0.038409
0 0.826614 0.756004 0.031576 0.039541
0 0.386628 0.719890 0.032210 0.037117
0 0.441539 0.791487 0.034171 0.038945
0 0.552985 0.878112 0.028978 0.037520
0 0.332583 0.687843 0.034688 0.037508
0 0.552550 0.815353 0.031377 0.029564
0 0.167573 0.817894 0.035099 0.040152
0 0.772594 0.751376 0.032835 0.032808
0 0.553485 0.785690 0.031877 0.036243
0 0.772611 0.785597 0.033545 0.033649
0 0.276942 0.879957 0.036080 0.035127
0 0.551668 0.530029 0.033071 0.038619
0 0.662158 0.533895 0.033629 0.029109
0 0.827534 0.468340 0.032784 0.036456
0 0.788121 0.260856 0.024471 0.025649
0 0.441885 0.815452 0.034337 0.036036
0 0.444032 0.534842 0.034141 0.037929
0 0.333129 0.851242 0.035174 0.035949
0 0.882660 0.719048 0.033772 0.039377
0 0.826876 0.531515 0.033441 0.034681
0 0.717362 0.722826 0.033604 0.034588
0 0.333056 0.429532 0.032338 0.034422
0 0.717838 0.597948 0.031017 0.032176
0 0.111574 0.881076 0.029558 0.034201
0 0.661450 0.880948 0.032927 0.034157
0 0.387413 0.786070 0.032551 0.038033
0 0.443525 0.438918 0.034046 0.038645
0 0.166174 0.402071 0.033124 0.037118
0 0.223070 0.755751 0.031736 0.032997
0 0.277451 0.592484 0.033906 0.041198
0 0.386405 0.751889 0.033453 0.036651
0 0.511750 0.648258 0.025533 0.032444
0 0.277094 0.400519 0.035361 0.037180
0 0.607158 0.820784 0.034076 0.035443
0 0.168218 0.852133 0.032247 0.032548
0 0.718604 0.657520 0.032545 0.033704
0 0.663074 0.753904 0.033421 0.036261
0 0.221720 0.624160 0.033856 0.035630
0 0.883332 0.657368 0.033080 0.034094
0 0.663093 0.438155 0.033948 0.035543
0 0.663846 0.592582 0.033104 0.032574
0 0.827858 0.657604 0.030192 0.036238
0 0.109901 0.462680 0.031719 0.040562
0 0.388002 0.463698 0.030036 0.033569
0 0.278385 0.661413 0.034428 0.034884
0 0.885198 0.370011 0.030395 0.033590
0 0.663027 0.627640 0.033864 0.036893
0 0.497970 0.413503 0.035156 0.037018
0 0.884460 0.403319 0.031598 0.035336
0 0.333526 0.783225 0.032816 0.034911
0 0.387816 0.815938 0.031949 0.036456
0 0.772837 0.408650 0.033008 0.041903
0 0.388788 0.689469 0.031874 0.034124
0 0.718437 0.626516 0.032787 0.035911
0 0.607451 0.467774 0.035575 0.036490
0 0.442188 0.500347 0.031421 0.031158
0 0.773202 0.846309 0.032019 0.039441
0 0.277635 0.532029 0.032818 0.035645
0 0.511542 0.684529 0.026550 0.032464
0 0.883197 0.876526 0.032689 0.041687
0 0.761099 0.259795 0.019185 0.033531
0 0.607211 0.720363 0.034462 0.039103
0 0.498553 0.366681 0.036357 0.033045
0 0.719591 0.558670 0.036253 0.045679
0 0.825975 0.850966 0.033411 0.034069
0 0.168473 0.755229 0.033356 0.036104
0 0.332655 0.560926 0.034211 0.033354
0 0.443694 0.401585 0.031526 0.040135
0 0.222487 0.881487 0.034286 0.032912
0 0.661602 0.849550 0.033902 0.035909
0 0.498028 0.378072 0.038144 0.035339
0 0.498067 0.336891 0.039236 0.036243
0 0.773187 0.465753 0.033489 0.037474
0 0.772914 0.880844 0.034040 0.033994
0 0.789277 0.296252 0.026452 0.029725
0 0.827099 0.625345 0.030597 0.035616
0 0.883649 0.529745 0.034303 0.037244
0 0.222037 0.499463 0.031510 0.033913
0 0.443123 0.695089 0.032706 0.034653
0 0.773002 0.626876 0.033182 0.036753
0 0.223777 0.709538 0.029977 0.022166
0 0.110499 0.688116 0.031645 0.036551
0 0.883806 0.498755 0.033611 0.033074
0 0.607941 0.754285 0.034032 0.036164
0 0.663607 0.658761 0.031558 0.034409
0 0.732835 0.189067 0.023385 0.027518
0 0.719705 0.434772 0.032825 0.032272
0 0.441943 0.753662 0.032845 0.039374
0 0.662357 0.562988 0.032362 0.035470
0 0.608373 0.692643 0.030870 0.029378
0 0.223691 0.696162 0.030169 0.045143
0 0.552010 0.752284 0.030855 0.036268
0 0.607739 0.369851 0.035105 0.037047
0 0.388102 0.370368 0.033673 0.038139
0 0.606743 0.597452 0.034841 0.037369
0 0.664204 0.371094 0.034024 0.038957
0 0.773356 0.501573 0.033804 0.027722
0 0.551600 0.561588 0.031798 0.031563
0 0.222879 0.660195 0.030743 0.029832
0 0.718726 0.463451 0.034018 0.032897
0 0.775299 0.594508 0.029126 0.029772
0 0.166201 0.626541 0.034236 0.032586
0 0.608047 0.851839 0.032545 0.032955
0 0.597824 0.155572 0.021150 0.031035
0 0.443438 0.658516 0.034718 0.036585
0 0.333541 0.752210 0.031885 0.035953
0 0.166075 0.586161 0.033306 0.028812
0 0.221752 0.434468 0.032747 0.032178
0 0.828130 0.449435 0.033595 0.041082
0 0.553303 0.403616 0.033589 0.034345
0 0.719452 0.540758 0.035386 0.032156
0 0.540597 0.221850 0.021334 0.028640
0 0.388146 0.434460 0.031083 0.037417
0 0.826717 0.879483 0.033728 0.031566
0 0.827080 0.721531 0.029908 0.037189
0 0.387818 0.560591 0.031150 0.038512
0 0.706495 0.187131 0.023041 0.028128
0 0.663261 0.689067 0.029873 0.031558
0 0.168279 0.723640 0.033471 0.033953
0 0.167049 0.435885 0.033396 0.038244
0 0.110621 0.593370 0.031506 0.032738
0 0.166867 0.659128 0.034468 0.034825
0 0.607264 0.783267 0.034890 0.041171
0 0.662632 0.405442 0.034157 0.037277
0 0.606193 0.882420 0.035255 0.029760
0 0.511723 0.667792 0.026725 0.025917
0 0.789753 0.223590 0.021918 0.029300
0 0.277952 0.691967 0.034072 0.036338
0 0.790228 0.189280 0.024716 0.026574
0 0.718885 0.403188 0.033732 0.036898
0 0.825967 0.790623 0.030870 0.033782
0 0.828409 0.566482 0.033773 0.038737
0 0.541091 0.255017 0.022934 0.027709
0 0.444228 0.368290 0.034735 0.032013
0 0.661665 0.785241 0.033481 0.034883
0 0.606970 0.668969 0.032537 0.042138
0 0.277016 0.576596 0.032289 0.035261
0 0.607911 0.432281 0.035101 0.036185
0 0.772589 0.427911 0.034842 0.041398
0 0.332653 0.662514 0.034056 0.038063
0 0.223070 0.731721 0.031273 0.023147
0 0.165708 0.524406 0.033697 0.047096
0 0.826306 0.809528 0.031456 0.048879
0 0.551373 0.649615 0.033246 0.021784
0 0.650834 0.224743 0.023395 0.030032
0 0.277575 0.754127 0.034646 0.038773
0 0.718987 0.528803 0.034541 0.028044
0 0.279195 0.627801 0.033401 0.039630
0 0.277596 0.444787 0.032318 0.023655
0 0.717108 0.787900 0.031950 0.034911
0 0.883747 0.856173 0.032103 0.040753
0 0.567571 0.155373 0.022642 0.030724
0 0.829097 0.407070 0.032623 0.032806
0 0.337375 0.882851 0.025276 0.029646
0 0.883147 0.694608 0.031441 0.033060
0 0.552600 0.433188 0.034186 0.035879
0 0.278206 0.722679 0.035184 0.036924
0 0.109973 0.623292 0.032797 0.037129
0 0.387737 0.496825 0.031110 0.034910
0 0.882982 0.593052 0.036432 0.039775
0 0.388743 0.661940 0.032407 0.029974
0 0.332581 0.497645 0.029002 0.032555
0 0.717960 0.498889 0.034859 0.039836
0 0.607412 0.655389 0.034517 0.036418
0 0.168064 0.687796 0.034165 0.039663
0 0.500065 0.548469 0.037181 0.038878
0 0.608209 0.399865 0.034142 0.035706
0 0.761525 0.223495 0.022540 0.028948
0 0.662922 0.720332 0.031026 0.038099
0 0.551295 0.659371 0.034565 0.035312
0 0.569985 0.187012 0.022621 0.027578
0 0.111807 0.722313 0.033029 0.032155
0 0.110615 0.787266 0.035698 0.034566
0 0.277099 0.424973 0.034589 0.028330
0 0.828748 0.687930 0.032125 0.033660
0 0.717394 0.850861 0.031552 0.031911
0 0.828269 0.600208 0.033755 0.033598
0 0.166171 0.603725 0.032509 0.023467
0 0.719415 0.372500 0.032610 0.030143
0 0.552170 0.463188 0.036596 0.035488
0 0.593494 0.291393 0.021635 0.031246
0 0.551404 0.371007 0.033449 0.034096
0 0.648981 0.293890 0.024125 0.029521
0 0.333629 0.720266 0.033002 0.032591
0 0.595597 0.258733 0.019545 0.032167
0 0.595887 0.188132 0.020189 0.027479
0 0.734433 0.224053 0.020018 0.025692
0 0.883314 0.760631 0.033512 0.037236
0 0.167477 0.789028 0.035302 0.037186
0 0.731995 0.259652 0.022018 0.030111
0 0.511625 0.619030 0.026488 0.029976
0 0.882879 0.748257 0.033702 0.026530
0 0.110652 0.659531 0.030851 0.037164
0 0.678237 0.224415 0.025209 0.032328
0 0.828054 0.499128 0.032830 0.037558
0 0.277437 0.778454 0.032935 0.022794
0 0.663144 0.471485 0.030922 0.033802
0 0.706698 0.292528 0.026249 0.031845
0 0.706348 0.258726 0.022501 0.025547
0 0.649922 0.259956 0.024871 0.028225
0 0.623657 0.190172 0.022173 0.026707
0 0.552111 0.840261 0.035311 0.044228
0 0.622131 0.259572 0.022130 0.027633
0 0.829359 0.431438 0.031050 0.023154
0 0.110194 0.556390 0.031974 0.043430
0 0.567854 0.259439 0.024874 0.026225
0 0.661631 0.817017 0.034501 0.032725
0 0.621457 0.223251 0.022452 0.027661
0 0.707001 0.221845 0.022199 0.031252
0 0.662295 0.503270 0.030945 0.033876
0 0.596653 0.224272 0.019978 0.033306
0 0.278561 0.849951 0.033008 0.034241
0 0.732676 0.292691 0.021170 0.032172
0 0.677045 0.292516 0.026690 0.029095
0 0.567961 0.292460 0.025713 0.029531
0 0.110943 0.421944 0.032828 0.055007
0 0.567965 0.222284 0.023043 0.030427
0 0.277171 0.562782 0.031917 0.028501
0 0.167945 0.879660 0.031537 0.035485
0 0.332169 0.395184 0.034441 0.032258
0 0.386759 0.883384 0.035610 0.030615
0 0.607510 0.865621 0.033747 0.032885
