0 0.705287 0.537609 0.036508 0.033904
0 0.595672 0.535634 0.038851 0.036773
0 0.541738 0.409559 0.038476 0.033588
0 0.405341 0.890916 0.034925 0.033285
0 0.545747 0.320991 0.038267 0.037520
0 0.459623 0.319753 0.035236 0.037520
0 0.875057 0.535008 0.024724 0.034725
0 0.759888 0.323130 0.039905 0.038731
0 0.499274 0.275158 0.038004 0.034888
0 0.764070 0.535058 0.028370 0.033150
0 0.459631 0.349972 0.034442 0.027273
0 0.405820 0.818321 0.033814 0.036398
0 0.816484 0.534072 0.032748 0.036477
0 0.404885 0.536704 0.034483 0.038216
0 0.594828 0.322009 0.043422 0.039434
0 0.501421 0.230875 0.036291 0.042562
0 0.868058 0.887813 0.035381 0.034000
0 0.538825 0.889771 0.035631 0.035520
0 0.650740 0.536345 0.041774 0.036109
0 0.405666 0.321714 0.037394 0.031092
0 0.813429 0.888080 0.034513 0.037626
0 0.403742 0.855575 0.036763 0.039931
0 0.404872 0.748890 0.033429 0.038932
0 0.598121 0.817605 0.038338 0.036977
0 0.815799 0.322954 0.040245 0.038944
0 0.815515 0.820039 0.035521 0.036553
0 0.705749 0.819176 0.035946 0.036963
0 0.649444 0.816776 0.040773 0.036496
0 0.508013 0.515288 0.026367 0.033318
0 0.759571 0.819495 0.038348 0.039123
0 0.595348 0.851607 0.037337 0.034661
0 0.592897 0.888879 0.037151 0.036406
0 0.540938 0.854979 0.032860 0.037168
0 0.542101 0.817869 0.036306 0.038014
0 0.499947 0.309856 0.036017 0.024698
0 0.883121 0.784997 0.020213 0.027749
0 0.703313 0.888723 0.039447 0.035946
0 0.648215 0.890355 0.036873 0.035599
0 0.868637 0.818948 0.037772 0.037621
0 0.652310 0.322536 0.035394 0.031734
0 0.543905 0.480814 0.024644 0.023612
0 0.830755 0.783330 0.030983 0.030564
0 0.870305 0.748646 0.029396 0.035383
0 0.544074 0.569076 0.036075 0.038478
0 0.664476 0.782745 0.025759 0.029972
0 0.595807 0.746234 0.031593 0.034177
0 0.541612 0.655049 0.032522 0.035913
0 0.760019 0.886986 0.035405 0.041583
0 0.500156 0.338322 0.037712 0.030645
0 0.814482 0.746677 0.030746 0.035278
0 0.649974 0.746502 0.028309 0.036754
0 0.504354 0.555118 0.027577 0.031499
0 0.872318 0.325530 0.033943 0.030585
0 0.651561 0.848951 0.036494 0.029674
0 0.866012 0.858813 0.039692 0.031499
0 0.499710 0.781954 0.036275 0.025721
0 0.543179 0.498906 0.029744 0.023987
0 0.702633 0.851870 0.038075 0.035372
0 0.610164 0.783510 0.025472 0.030893
0 0.542287 0.746062 0.041201 0.039714
0 0.721296 0.784363 0.026227 0.028289
0 0.774613 0.783961 0.026189 0.029901
0 0.704257 0.747095 0.031323 0.037353
0 0.459538 0.364575 0.032952 0.033684
0 0.706821 0.322196 0.034564 0.031651
0 0.760642 0.744539 0.027131 0.029421
0 0.554894 0.784080 0.024448 0.028028
0 0.593832 0.866064 0.036294 0.027655
0 0.419589 0.784288 0.024820 0.028717
0 0.506901 0.526548 0.028369 0.038684
0 0.760181 0.754396 0.030502 0.027315
0 0.500845 0.358834 0.038159 0.027095
0 0.648945 0.868916 0.036487 0.019210
0 0.602220 0.794430 0.039456 0.027107
0 0.468597 0.815321 0.014570 0.014820
0 0.764058 0.785236 0.031054 0.033376
0 0.822968 0.790356 0.031609 0.035554
0 0.875696 0.764155 0.030038 0.022610
0 0.546095 0.768133 0.039644 0.029215
