0 0.720524 0.762444 0.034001 0.044668
0 0.719857 0.885228 0.035279 0.039799
0 0.774277 0.885543 0.034828 0.034694
0 0.170381 0.652241 0.034619 0.047185
0 0.445597 0.661934 0.032616 0.039194
0 0.511950 0.874360 0.026076 0.040823
0 0.721427 0.690696 0.030119 0.034704
0 0.720291 0.823340 0.032997 0.028605
0 0.224239 0.754475 0.030101 0.036584
0 0.168190 0.814760 0.034175 0.035720
0 0.719504 0.722097 0.033902 0.039098
0 0.500443 0.797793 0.030811 0.029380
0 0.609398 0.724613 0.033673 0.037319
0 0.774014 0.790429 0.034050 0.037092
0 0.224296 0.880619 0.033615 0.033465
0 0.113424 0.656637 0.034426 0.034765
0 0.886895 0.409368 0.033695 0.038779
0 0.113563 0.847237 0.032827 0.037223
0 0.169092 0.499341 0.035528 0.039887
0 0.884916 0.788746 0.032518 0.039807
0 0.720593 0.657594 0.035549 0.038843
0 0.114145 0.785088 0.032109 0.035913
0 0.720043 0.853971 0.035384 0.037805
0 0.114093 0.722437 0.033105 0.036384
0 0.775850 0.823555 0.030255 0.030780
0 0.774697 0.853019 0.031170 0.033054
0 0.773995 0.752423 0.033048 0.040052
0 0.501245 0.537817 0.034542 0.024732
0 0.609880 0.759933 0.031351 0.036260
0 0.663487 0.661402 0.035502 0.037432
0 0.556233 0.727179 0.035906 0.040189
0 0.665461 0.753927 0.033465 0.033283
0 0.112019 0.373948 0.032630 0.035538
0 0.720585 0.407418 0.034676 0.035573
0 0.169277 0.603593 0.034681 0.041133
0 0.500450 0.519391 0.040092 0.043902
0 0.387881 0.884401 0.036636 0.035492
0 0.223671 0.723337 0.031895 0.034930
0 0.830721 0.853318 0.034549 0.038495
0 0.115157 0.879326 0.029225 0.032557
0 0.514304 0.691975 0.026301 0.037735
0 0.720003 0.499464 0.035401 0.040722
0 0.170444 0.532644 0.031413 0.032734
0 0.168625 0.562613 0.035208 0.038043
0 0.776159 0.406928 0.033628 0.037326
0 0.720671 0.634445 0.035857 0.047637
0 0.555773 0.820558 0.034946 0.033509
0 0.720544 0.787746 0.034785 0.028947
0 0.829960 0.882104 0.031559 0.039166
0 0.663984 0.627847 0.035717 0.037286
0 0.279642 0.753691 0.033164 0.037276
0 0.720413 0.471588 0.035971 0.045234
0 0.224235 0.625980 0.030536 0.034791
0 0.224601 0.533781 0.032740 0.038410
0 0.169993 0.750690 0.034891 0.036610
0 0.775148 0.634992 0.032890 0.049754
0 0.334395 0.405297 0.033420 0.035810
0 0.832939 0.627782 0.029599 0.034544
0 0.334667 0.690937 0.034531 0.037818
0 0.223778 0.469263 0.032911 0.038900
0 0.776050 0.654327 0.031991 0.042216
0 0.775412 0.441188 0.032574 0.032642
0 0.168751 0.438199 0.032070 0.037337
0 0.776286 0.586190 0.033883 0.051357
0 0.224985 0.504369 0.030487 0.032897
0 0.501276 0.452272 0.035306 0.041356
0 0.166347 0.878968 0.039627 0.037012
0 0.278684 0.789166 0.031092 0.034370
0 0.831222 0.787762 0.035094 0.039358
0 0.512747 0.587218 0.029939 0.033218
0 0.445703 0.471897 0.031905 0.034773
0 0.388597 0.852731 0.034076 0.036278
0 0.223642 0.816507 0.032209 0.037733
0 0.664496 0.786439 0.033321 0.040865
0 0.169083 0.786467 0.033458 0.030356
0 0.664336 0.504183 0.030365 0.032185
0 0.169538 0.408986 0.034763 0.032385
0 0.113776 0.626344 0.032667 0.034412
0 0.224222 0.657303 0.030931 0.033650
0 0.334468 0.787337 0.034087 0.036771
0 0.498943 0.507694 0.053151 0.035660
0 0.170057 0.729686 0.034965 0.057546
0 0.280169 0.625488 0.032760 0.038115
0 0.224236 0.595861 0.031324 0.031380
0 0.335029 0.594888 0.032820 0.032065
0 0.776654 0.718162 0.032784 0.036937
0 0.609798 0.685118 0.032863 0.034319
0 0.720980 0.595106 0.034209 0.034488
0 0.114204 0.755307 0.032287 0.030350
0 0.404026 0.724617 0.022510 0.028108
0 0.390326 0.756632 0.032775 0.035586
0 0.279355 0.530785 0.035615 0.038038
0 0.445821 0.628579 0.034063 0.030490
0 0.282384 0.662004 0.031488 0.033496
0 0.444634 0.436981 0.033173 0.038396
0 0.445281 0.532438 0.033422 0.036223
0 0.166892 0.846874 0.038045 0.036159
0 0.664463 0.470076 0.033203 0.036099
0 0.610870 0.662160 0.030852 0.037357
0 0.113014 0.502793 0.035609 0.037691
0 0.609851 0.776482 0.031951 0.041266
0 0.666336 0.692857 0.032535 0.031062
0 0.832516 0.440062 0.028504 0.033604
0 0.376728 0.690934 0.025996 0.032148
0 0.334475 0.629150 0.033399 0.042202
0 0.555190 0.634207 0.034000 0.043628
0 0.280433 0.594641 0.034549 0.033978
0 0.664387 0.847443 0.032895 0.030396
0 0.556250 0.759509 0.035028 0.036613
0 0.280828 0.697467 0.033311 0.048874
0 0.830048 0.565572 0.036251 0.037280
0 0.610161 0.530227 0.032954 0.038710
0 0.169863 0.621986 0.035829 0.036106
0 0.445341 0.594324 0.033752 0.034685
0 0.721344 0.535750 0.031344 0.033283
0 0.610846 0.826759 0.029003 0.039264
0 0.169523 0.469218 0.034320 0.034220
0 0.500579 0.424617 0.035687 0.029484
0 0.114073 0.690067 0.033137 0.033290
0 0.721065 0.438462 0.033397 0.030634
0 0.830538 0.693457 0.031785 0.035428
0 0.334946 0.567723 0.032315 0.031806
0 0.555952 0.745290 0.036045 0.045278
0 0.224147 0.689522 0.031862 0.035193
0 0.664570 0.409035 0.035171 0.037168
0 0.610473 0.594301 0.031982 0.038898
0 0.445525 0.566208 0.032262 0.037973
0 0.611529 0.470669 0.030198 0.034384
0 0.831351 0.503392 0.034620 0.040807
0 0.280026 0.404661 0.033987 0.039554
0 0.389737 0.599817 0.032928 0.032971
0 0.610284 0.565447 0.031074 0.032428
0 0.114259 0.593301 0.031863 0.039858
0 0.388660 0.375950 0.035499 0.037507
0 0.169273 0.374174 0.035288 0.036577
0 0.556375 0.790086 0.034145 0.031491
0 0.885796 0.529902 0.033652 0.034115
0 0.224424 0.566720 0.032883 0.034047
0 0.885932 0.503062 0.033436 0.030203
0 0.224863 0.438866 0.033427 0.032893
0 0.556013 0.463966 0.035817 0.034611
0 0.885403 0.694287 0.031098 0.040022
0 0.169723 0.689659 0.035799 0.033926
0 0.721711 0.568081 0.031067 0.038927
0 0.665221 0.818896 0.035751 0.034381
0 0.113163 0.407238 0.034347 0.036265
0 0.886546 0.564662 0.032547 0.033570
0 0.831688 0.604799 0.034612 0.037065
0 0.224295 0.375344 0.033761 0.035479
0 0.775376 0.535391 0.032625 0.038939
0 0.500727 0.346211 0.040384 0.040639
0 0.774805 0.500165 0.031653 0.037775
0 0.113856 0.564732 0.032009 0.035006
0 0.389629 0.820610 0.034640 0.032538
0 0.280352 0.727181 0.033506 0.025181
0 0.281175 0.717272 0.031798 0.033427
0 0.334943 0.756462 0.033647 0.028648
0 0.664093 0.532032 0.033878 0.038784
0 0.224966 0.407676 0.034945 0.035693
0 0.555056 0.408990 0.036073 0.040457
0 0.389942 0.503449 0.032586 0.034948
0 0.113470 0.438886 0.031814 0.034845
0 0.773892 0.808307 0.034561 0.047579
0 0.555725 0.503139 0.034074 0.033876
0 0.556598 0.695228 0.034956 0.036941
0 0.555532 0.850240 0.036879 0.037156
0 0.113413 0.470453 0.033042 0.036374
0 0.830735 0.658840 0.032420 0.037884
0 0.334877 0.533772 0.034413 0.034089
0 0.113975 0.818410 0.030619 0.032716
0 0.446730 0.502574 0.029950 0.028968
0 0.831253 0.726016 0.032941 0.037948
0 0.610088 0.499030 0.033687 0.035705
0 0.500543 0.377955 0.038232 0.034594
0 0.112935 0.533475 0.034000 0.034743
0 0.333873 0.651815 0.035013 0.035392
0 0.610338 0.406889 0.031252 0.036040
0 0.514258 0.622766 0.027014 0.039694
0 0.885174 0.627204 0.034539 0.047017
0 0.555741 0.445242 0.035834 0.031632
0 0.280673 0.469277 0.031948 0.035936
0 0.333822 0.435800 0.036930 0.029201
0 0.664108 0.599419 0.035606 0.035906
0 0.556196 0.663831 0.033580 0.028366
0 0.776503 0.689562 0.032555 0.034614
0 0.664724 0.439398 0.032322 0.036875
0 0.389127 0.436104 0.032424 0.034953
0 0.514057 0.656324 0.026054 0.033602
0 0.885164 0.754382 0.034091 0.039239
0 0.445558 0.406451 0.029418 0.033692
0 0.665184 0.727573 0.033739 0.032820
0 0.555391 0.649538 0.034039 0.041903
0 0.831388 0.821012 0.034572 0.033596
0 0.611110 0.625623 0.032092 0.036236
0 0.664878 0.568223 0.034163 0.034340
0 0.610175 0.791869 0.030825 0.034567
0 0.885702 0.444098 0.032695 0.028339
0 0.390351 0.633131 0.034799 0.031697
0 0.555415 0.597858 0.034827 0.032846
0 0.389893 0.554319 0.036274 0.045979
0 0.775133 0.474581 0.031982 0.040688
0 0.500704 0.548081 0.036692 0.030438
0 0.831141 0.757141 0.032738 0.034039
0 0.610092 0.858725 0.031277 0.023327
0 0.279122 0.343148 0.032352 0.035887
0 0.555585 0.564119 0.035551 0.034273
0 0.610034 0.813533 0.030327 0.040150
0 0.776026 0.702769 0.033473 0.040620
0 0.611226 0.440761 0.030411 0.032136
0 0.389441 0.540757 0.036024 0.033678
0 0.556720 0.885662 0.034793 0.030905
0 0.281188 0.502255 0.032689 0.033976
0 0.555460 0.531256 0.033714 0.038430
0 0.389783 0.790336 0.034601 0.034724
0 0.831429 0.404662 0.034594 0.037095
0 0.500704 0.397250 0.036884 0.024058
0 0.885873 0.729016 0.032648 0.037379
0 0.885490 0.468887 0.033273 0.034529
0 0.831025 0.469489 0.031456 0.031858
0 0.389540 0.471033 0.034525 0.038228
0 0.280200 0.376946 0.034526 0.036138
0 0.388688 0.395036 0.035847 0.054036
0 0.279672 0.564280 0.035962 0.032752
0 0.775399 0.563946 0.032332 0.032116
0 0.405039 0.693366 0.025983 0.028331
0 0.513010 0.599658 0.029128 0.027816
0 0.223944 0.851344 0.032692 0.032353
0 0.224285 0.786021 0.029654 0.032088
0 0.377607 0.723451 0.025482 0.027525
0 0.610012 0.875385 0.032296 0.045927
0 0.663942 0.885648 0.034915 0.036011
0 0.334997 0.730324 0.033418 0.033788
0 0.280308 0.441190 0.033777 0.036065
0 0.334451 0.708582 0.036513 0.069413
0 0.885525 0.669783 0.031140 0.040214
0 0.886311 0.603407 0.033057 0.031829
0 0.389530 0.529422 0.035422 0.024520
0 0.885079 0.518693 0.031933 0.031522
0 0.334043 0.511347 0.037128 0.023839
0 0.886445 0.588760 0.033661 0.035057
0 0.885036 0.492813 0.031839 0.030949
0 0.664280 0.861770 0.033293 0.043311
0 0.555901 0.873846 0.036199 0.035214
0 0.279571 0.427308 0.033927 0.028804
0 0.333578 0.476041 0.039484 0.046900
0 0.377213 0.662499 0.026444 0.027086
0 0.333641 0.452727 0.039531 0.058333
0 0.885514 0.717409 0.033171 0.032898
0 0.334542 0.580907 0.032974 0.048937
0 0.392787 0.647181 0.039293 0.047779
0 0.665066 0.773297 0.033912 0.039498
0 0.831972 0.805209 0.035651 0.061082
0 0.555171 0.431193 0.035837 0.017755
0 0.884984 0.772601 0.031784 0.028096
0 0.885407 0.653390 0.033207 0.041591
0 0.444265 0.424687 0.032101 0.037501
0 0.389352 0.457358 0.034388 0.038942
0 0.665106 0.709153 0.035174 0.023917
0 0.555835 0.516719 0.035104 0.049667
0 0.169496 0.709315 0.034833 0.028260
0 0.719949 0.457152 0.034717 0.028375
0 0.499754 0.493445 0.051158 0.034181
0 0.831245 0.587595 0.034921 0.037266
0 0.114662 0.771585 0.033629 0.042277
0 0.831503 0.451127 0.034254 0.046541
0 0.067040 0.634569 0.026131 0.035233
0 0.113550 0.454498 0.033297 0.045225
0 0.664962 0.829838 0.033189 0.032290
0 0.830761 0.524246 0.035857 0.031683
0 0.390651 0.693143 0.050353 0.037561
0 0.719905 0.669967 0.034504 0.037971
0 0.167338 0.827312 0.036011 0.030941
0 0.719935 0.608770 0.034327 0.036009
0 0.113874 0.612728 0.033295 0.035548
0 0.390232 0.587341 0.034558 0.035536
0 0.444934 0.579393 0.033106 0.035025
0 0.719094 0.871145 0.034844 0.044257
0 0.280928 0.483574 0.034283 0.039211
0 0.334025 0.494758 0.037059 0.032436
0 0.398678 0.661029 0.035404 0.032808
0 0.280070 0.358350 0.034621 0.027918
0 0.168718 0.573584 0.035184 0.027789
0 0.334554 0.610601 0.032906 0.025731
0 0.719560 0.805783 0.034773 0.031196
0 0.831467 0.767781 0.034007 0.025796
0 0.831662 0.643488 0.033512 0.045275
0 0.513504 0.642199 0.027363 0.025350
0 0.223714 0.806822 0.031365 0.022375
0 0.609439 0.712273 0.032033 0.037043
0 0.610490 0.645771 0.030988 0.031734
0 0.665122 0.681421 0.037240 0.054426
0 0.555460 0.579205 0.035083 0.033133
