0 0.500176 0.456475 0.040372 0.045201
0 0.551733 0.875024 0.033286 0.041008
0 0.295549 0.916243 0.035353 0.050216
0 0.514057 0.748448 0.030134 0.044115
0 0.396811 0.541889 0.034302 0.042617
0 0.396820 0.387101 0.036372 0.043481
0 0.654144 0.383055 0.034294 0.049237
0 0.397983 0.917753 0.040175 0.048498
0 0.347268 0.384452 0.033571 0.045107
0 0.397086 0.832266 0.035944 0.044136
0 0.704670 0.215774 0.032954 0.047604
0 0.345009 0.667257 0.036798 0.043016
0 0.398413 0.667792 0.033028 0.044229
0 0.346734 0.625261 0.034370 0.041156
0 0.398690 0.750719 0.030807 0.048181
0 0.449372 0.913740 0.036006 0.046755
0 0.856396 0.341785 0.037323 0.048263
0 0.704829 0.418663 0.035125 0.049843
0 0.398533 0.627542 0.034613 0.043983
0 0.397073 0.791625 0.031601 0.041294
0 0.087848 0.510068 0.033638 0.048443
0 0.396870 0.430206 0.031107 0.040619
0 0.449658 0.865440 0.035436 0.052861
0 0.295762 0.795746 0.036277 0.041130
0 0.706461 0.915511 0.031789 0.044808
0 0.552055 0.916135 0.036796 0.044108
0 0.807911 0.584312 0.037893 0.046586
0 0.346747 0.538586 0.037770 0.053598
0 0.448669 0.628982 0.032480 0.042304
0 0.397790 0.340664 0.033236 0.038398
0 0.295390 0.872117 0.034865 0.042852
0 0.396712 0.504615 0.032328 0.039089
0 0.295641 0.668001 0.035811 0.043104
0 0.602829 0.261526 0.036106 0.046935
0 0.450306 0.752887 0.031758 0.050664
0 0.552317 0.426643 0.030881 0.044364
0 0.190715 0.505938 0.034781 0.044791
0 0.398026 0.709366 0.032469 0.042637
0 0.139707 0.585575 0.032712 0.041782
0 0.705840 0.874561 0.032791 0.044846
0 0.808314 0.539396 0.036740 0.046786
0 0.912758 0.590642 0.033557 0.052431
0 0.706641 0.585935 0.034203 0.042969
0 0.912350 0.792896 0.032748 0.045075
0 0.909610 0.460512 0.033995 0.046431
0 0.347955 0.585205 0.032950 0.041150
0 0.346556 0.462259 0.033783 0.042595
0 0.295844 0.260325 0.032121 0.036522
0 0.552402 0.744428 0.033690 0.048693
0 0.913112 0.748018 0.031029 0.043111
0 0.295528 0.586482 0.034425 0.041232
0 0.812527 0.872811 0.028945 0.034810
0 0.448952 0.502128 0.034677 0.042902
0 0.811823 0.786069 0.031853 0.039013
0 0.399173 0.873072 0.035691 0.044687
0 0.295159 0.381576 0.035267 0.046168
0 0.451829 0.709125 0.032616 0.042693
0 0.704348 0.478090 0.031600 0.053996
0 0.346482 0.706977 0.034529 0.048008
0 0.811350 0.914620 0.037878 0.049060
0 0.449951 0.665932 0.031164 0.042131
0 0.912265 0.543741 0.035490 0.043468
0 0.808934 0.461100 0.034976 0.040293
0 0.398399 0.586265 0.034241 0.049493
0 0.138992 0.424861 0.033403 0.042480
0 0.809007 0.500049 0.034597 0.044582
0 0.448566 0.386624 0.031922 0.037340
0 0.447873 0.260390 0.032319 0.046209
0 0.810623 0.624808 0.029677 0.038708
0 0.294378 0.422411 0.034260 0.043436
0 0.706707 0.792436 0.032424 0.043927
0 0.397664 0.769148 0.031203 0.035587
0 0.294345 0.336606 0.031087 0.039321
0 0.551238 0.504066 0.031668 0.044684
0 0.911363 0.298252 0.029584 0.038753
0 0.448047 0.345588 0.031478 0.039233
0 0.552673 0.828348 0.033017 0.043484
0 0.652863 0.462609 0.032090 0.049448
0 0.907984 0.167579 0.034262 0.042462
0 0.707055 0.745021 0.033178 0.058126
0 0.345182 0.219656 0.032920 0.042796
0 0.449089 0.464461 0.033846 0.042961
0 0.808853 0.379917 0.033548 0.041474
0 0.501598 0.359849 0.046293 0.049472
0 0.347181 0.424201 0.032478 0.042899
0 0.551729 0.621785 0.032075 0.043962
0 0.141789 0.348445 0.033344 0.039493
0 0.448851 0.541178 0.030873 0.047206
0 0.653911 0.335451 0.036281 0.034358
0 0.707702 0.661946 0.034302 0.042433
0 0.294754 0.508187 0.034910 0.047902
0 0.141205 0.176493 0.034529 0.037486
0 0.704165 0.257777 0.032351 0.041266
0 0.703805 0.297524 0.031787 0.038073
0 0.809460 0.702660 0.033360 0.045904
0 0.347336 0.605066 0.033834 0.063498
0 0.856897 0.167979 0.032945 0.043147
0 0.756031 0.296239 0.036212 0.043269
0 0.089135 0.424688 0.032911 0.042884
0 0.295075 0.754044 0.035342 0.047278
0 0.909560 0.383263 0.032343 0.039352
0 0.756635 0.342080 0.035421 0.046130
0 0.656935 0.543947 0.033319 0.044798
0 0.809358 0.832655 0.035563 0.035930
0 0.397652 0.267984 0.033788 0.032158
0 0.704206 0.461590 0.031742 0.032491
0 0.397169 0.468899 0.031184 0.034091
0 0.138923 0.305973 0.033168 0.044437
0 0.449424 0.423600 0.031696 0.041170
0 0.913203 0.666833 0.034885 0.045925
0 0.503461 0.382855 0.045099 0.050336
0 0.552579 0.785237 0.033636 0.039148
0 0.704627 0.533306 0.033712 0.041230
0 0.500403 0.432786 0.050113 0.043562
0 0.348179 0.509319 0.033993 0.037217
0 0.706630 0.697016 0.035034 0.041539
0 0.295623 0.627653 0.034684 0.043138
0 0.089497 0.227997 0.035464 0.043689
0 0.551857 0.465985 0.031907 0.038059
0 0.909162 0.251594 0.033050 0.053092
0 0.347952 0.340825 0.029845 0.034644
0 0.296417 0.712605 0.034843 0.044893
0 0.551853 0.547758 0.031186 0.038195
0 0.451301 0.217993 0.027509 0.040459
0 0.706847 0.626347 0.034014 0.042851
0 0.396789 0.356804 0.036777 0.022424
0 0.141716 0.264810 0.035542 0.047652
0 0.707089 0.835626 0.033097 0.038748
0 0.345995 0.300888 0.033185 0.043548
0 0.810030 0.749031 0.036147 0.045670
0 0.757014 0.381885 0.033069 0.048543
0 0.190151 0.425509 0.032770 0.042102
0 0.551934 0.694858 0.034390 0.046856
0 0.191740 0.465094 0.035626 0.042321
0 0.450224 0.792465 0.030564 0.039165
0 0.139248 0.381752 0.031041 0.036140
0 0.603749 0.214999 0.036739 0.047401
0 0.552302 0.357461 0.030453 0.055862
0 0.295269 0.560209 0.035273 0.054602
0 0.500595 0.319891 0.046572 0.039826
0 0.294452 0.455007 0.031348 0.034861
0 0.139754 0.466162 0.032359 0.042850
0 0.551093 0.300512 0.032757 0.045436
0 0.654523 0.419847 0.033103 0.031918
0 0.654218 0.503853 0.033109 0.037795
0 0.552150 0.709667 0.033735 0.037810
0 0.810380 0.664955 0.030280 0.039679
0 0.292850 0.169475 0.031255 0.037910
0 0.140325 0.540419 0.034827 0.046592
0 0.296644 0.841383 0.035440 0.041873
0 0.346310 0.259979 0.033020 0.040059
0 0.140451 0.222449 0.035438 0.038745
0 0.397295 0.303417 0.034791 0.033355
0 0.706583 0.341795 0.033229 0.054055
0 0.242555 0.219880 0.033076 0.041337
0 0.294886 0.302189 0.032956 0.034571
0 0.348622 0.496414 0.031963 0.038223
0 0.296719 0.826000 0.036682 0.035038
0 0.808212 0.421264 0.032259 0.045679
0 0.088828 0.386021 0.035490 0.049197
0 0.910809 0.417803 0.030029 0.038308
0 0.552927 0.375996 0.030632 0.040183
0 0.191952 0.221972 0.036643 0.045311
0 0.705003 0.505426 0.032468 0.036472
0 0.807849 0.224673 0.033329 0.043918
0 0.191129 0.384544 0.032513 0.040919
0 0.244724 0.266073 0.028927 0.030470
0 0.551818 0.254766 0.032520 0.046291
0 0.191108 0.174907 0.037151 0.045180
0 0.705412 0.376856 0.034151 0.034191
0 0.190810 0.304320 0.034528 0.041465
0 0.857497 0.258663 0.033723 0.049118
0 0.807962 0.256840 0.034123 0.041785
0 0.705685 0.566407 0.034268 0.047803
0 0.191564 0.345213 0.033467 0.041775
0 0.654208 0.429857 0.034304 0.024418
0 0.395999 0.219172 0.036070 0.040671
0 0.449711 0.828795 0.031975 0.039998
0 0.654044 0.300282 0.035225 0.042494
0 0.055490 0.152389 0.024200 0.047411
0 0.806814 0.161225 0.027145 0.037060
0 0.087172 0.182607 0.034159 0.045394
0 0.089594 0.467059 0.034589 0.047329
0 0.138954 0.503365 0.030985 0.035556
0 0.552167 0.566760 0.031952 0.067772
0 0.501383 0.173364 0.045962 0.055723
0 0.088462 0.305761 0.033544 0.042508
0 0.908868 0.235935 0.031933 0.040130
0 0.294909 0.218797 0.036384 0.042919
0 0.449575 0.583621 0.029561 0.035873
0 0.088632 0.268582 0.031640 0.030478
0 0.551169 0.332172 0.032649 0.041824
0 0.494751 0.252938 0.030765 0.039146
0 0.552207 0.658329 0.032910 0.036350
0 0.600627 0.172082 0.032625 0.046586
0 0.294636 0.474469 0.033651 0.021574
0 0.857160 0.296312 0.033465 0.043691
0 0.190795 0.266559 0.031947 0.038414
0 0.701430 0.172818 0.032000 0.045522
0 0.088756 0.360227 0.034128 0.037124
0 0.908510 0.197352 0.032452 0.025668
0 0.552263 0.213822 0.032869 0.038358
0 0.449601 0.310110 0.029133 0.026649
0 0.808053 0.341034 0.033042 0.048906
0 0.500537 0.299581 0.045301 0.057776
0 0.808542 0.561087 0.036816 0.061980
0 0.654406 0.444518 0.034540 0.040609
0 0.295712 0.731510 0.035071 0.045633
0 0.908077 0.215908 0.033527 0.042333
0 0.501403 0.191343 0.044968 0.045527
0 0.909983 0.438699 0.032855 0.028065
0 0.551336 0.173894 0.035163 0.041293
0 0.910918 0.341207 0.031153 0.042436
0 0.552350 0.393728 0.031445 0.027726
0 0.551430 0.535386 0.031763 0.026031
0 0.191376 0.356752 0.033272 0.027530
0 0.807084 0.194185 0.032574 0.030991
0 0.909739 0.363089 0.033108 0.031214
0 0.502039 0.261081 0.043816 0.052314
0 0.447882 0.277273 0.032694 0.056107
0 0.807586 0.306789 0.032344 0.030740
0 0.294086 0.194045 0.034091 0.022097
0 0.088807 0.240673 0.034879 0.028201
0 0.776086 0.636913 0.015553 0.019910
0 0.702713 0.192226 0.034279 0.045639
0 0.551989 0.200794 0.033280 0.021857
0 0.552017 0.228219 0.033655 0.036776
0 0.448569 0.560492 0.032261 0.065734
0 0.807826 0.291764 0.030562 0.035127
0 0.707697 0.821786 0.031708 0.030617
0 0.501017 0.230150 0.042814 0.028797
0 0.054720 0.403415 0.016936 0.037330
0 0.448047 0.327760 0.032371 0.047119
0 0.911039 0.495224 0.033610 0.028914
0 0.139520 0.516272 0.032565 0.026784
0 0.551729 0.485885 0.032979 0.061004
0 0.707247 0.851500 0.031796 0.032706
0 0.396596 0.857150 0.036317 0.041706
0 0.500506 0.213908 0.044877 0.049934
0 0.294196 0.492928 0.034703 0.039686
0 0.808311 0.485579 0.033911 0.044903
0 0.602219 0.201176 0.034846 0.041041
0 0.808517 0.448452 0.032689 0.026519
0 0.912547 0.776444 0.031791 0.031485
0 0.857909 0.216377 0.035464 0.042206
0 0.501463 0.416425 0.050776 0.042633
0 0.294208 0.441277 0.034134 0.043714
0 0.190507 0.439531 0.033574 0.040618
0 0.810472 0.821461 0.032788 0.034097
0 0.913779 0.707500 0.032279 0.022009
0 0.810984 0.894099 0.034533 0.048381
0 0.857527 0.192233 0.034607 0.027863
0 0.807763 0.182571 0.030273 0.027499
0 0.908325 0.183604 0.032195 0.029876
0 0.139452 0.486122 0.032435 0.044400
0 0.810275 0.849857 0.033324 0.033141
0 0.089300 0.337813 0.033846 0.035494
0 0.502013 0.470627 0.043346 0.043505
0 0.449374 0.892339 0.034577 0.025086
0 0.191058 0.485353 0.034324 0.030904
0 0.054558 0.342504 0.017026 0.040584
