0 0.869035 0.203555 0.036808 0.039092
0 0.605958 0.635927 0.031876 0.036048
0 0.235731 0.857636 0.037737 0.035170
0 0.128431 0.379821 0.039240 0.033973
0 0.757770 0.741400 0.038134 0.039980
0 0.757490 0.882835 0.033089 0.035134
0 0.757230 0.563674 0.038860 0.043860
0 0.407265 0.810858 0.040241 0.039398
0 0.756993 0.778581 0.038846 0.034874
0 0.647768 0.344857 0.034276 0.039419
0 0.756796 0.846227 0.037385 0.039146
0 0.593989 0.742931 0.035890 0.037302
0 0.759176 0.306768 0.039173 0.036564
0 0.238673 0.714017 0.035937 0.026464
0 0.755920 0.524426 0.039581 0.037293
0 0.129010 0.855697 0.037923 0.034690
0 0.812930 0.383426 0.035590 0.038255
0 0.648603 0.842643 0.036544 0.037158
0 0.185196 0.705825 0.039802 0.033281
0 0.865928 0.308348 0.040434 0.038929
0 0.458371 0.383343 0.035660 0.036829
0 0.648004 0.885434 0.038537 0.037811
0 0.649471 0.560706 0.035240 0.035817
0 0.183641 0.814771 0.039406 0.044245
0 0.184730 0.855246 0.038776 0.038423
0 0.128197 0.483952 0.039146 0.029928
0 0.294424 0.525835 0.040624 0.038525
0 0.348870 0.526197 0.039536 0.037981
0 0.500759 0.290893 0.032938 0.031422
0 0.406914 0.850030 0.036480 0.037781
0 0.592611 0.778588 0.038399 0.036871
0 0.648782 0.778495 0.038568 0.038050
0 0.704620 0.561297 0.037786 0.040333
0 0.364758 0.603269 0.028631 0.029609
0 0.499989 0.402822 0.031726 0.038939
0 0.604951 0.884532 0.029578 0.032136
0 0.704574 0.304979 0.032939 0.032085
0 0.309383 0.600029 0.026191 0.028582
0 0.128425 0.527048 0.042403 0.038869
0 0.540481 0.452206 0.038465 0.040192
0 0.183666 0.303130 0.038409 0.041143
0 0.594511 0.347640 0.041689 0.039508
0 0.647661 0.673161 0.035876 0.034236
0 0.240049 0.527566 0.031209 0.034451
0 0.867882 0.239746 0.033096 0.036226
0 0.649386 0.522854 0.031891 0.036616
0 0.649353 0.740487 0.033933 0.034350
0 0.404832 0.630544 0.037517 0.037610
0 0.348840 0.488574 0.039258 0.040145
0 0.866475 0.383145 0.040396 0.037195
0 0.702948 0.741900 0.035067 0.042196
0 0.500581 0.196519 0.033457 0.031163
0 0.758003 0.416144 0.035868 0.037005
0 0.595263 0.562676 0.041537 0.044498
0 0.239345 0.698959 0.035819 0.024466
0 0.127612 0.301730 0.041811 0.040307
0 0.131504 0.707077 0.036599 0.039854
0 0.759430 0.456124 0.040112 0.042890
0 0.595014 0.455453 0.035313 0.032196
0 0.760019 0.674068 0.035711 0.037954
0 0.701149 0.668242 0.032975 0.039615
0 0.701176 0.415846 0.034303 0.036978
0 0.294945 0.487448 0.042175 0.038687
0 0.241469 0.375882 0.036037 0.029670
0 0.131098 0.807563 0.034045 0.033324
0 0.307842 0.635080 0.033424 0.038196
0 0.364389 0.670243 0.029993 0.031358
0 0.500348 0.223322 0.032805 0.031739
0 0.703548 0.632121 0.031378 0.031559
0 0.542298 0.412245 0.033195 0.033138
0 0.554848 0.307048 0.026624 0.033666
0 0.127947 0.629112 0.039868 0.036234
0 0.756848 0.631327 0.038424 0.039077
0 0.703151 0.345066 0.040810 0.043185
0 0.648537 0.307562 0.034361 0.034876
0 0.296173 0.380365 0.030849 0.030322
0 0.131663 0.673257 0.036157 0.032280
0 0.350706 0.562569 0.031090 0.040780
0 0.580004 0.850871 0.027172 0.034886
0 0.702047 0.886802 0.035582 0.038013
0 0.185178 0.530749 0.032746 0.026728
0 0.296358 0.305797 0.040210 0.037405
0 0.351251 0.303985 0.038330 0.038855
0 0.594717 0.524896 0.034164 0.035542
0 0.651131 0.631977 0.033763 0.036579
0 0.185719 0.674205 0.036773 0.031780
0 0.866478 0.419327 0.032420 0.034889
0 0.239826 0.671095 0.035716 0.033494
0 0.579788 0.885761 0.030553 0.035617
0 0.651177 0.454330 0.040099 0.041528
0 0.594935 0.308151 0.040704 0.037712
0 0.237213 0.811239 0.034395 0.042915
0 0.701600 0.432333 0.035876 0.066042
0 0.500171 0.258240 0.034177 0.036410
0 0.703317 0.778601 0.034533 0.034575
0 0.184512 0.373856 0.036985 0.036500
0 0.868004 0.266331 0.035125 0.020787
0 0.403094 0.493800 0.036158 0.036278
0 0.405988 0.303689 0.037692 0.037615
0 0.364164 0.637745 0.029504 0.030796
0 0.239271 0.630042 0.038267 0.036731
0 0.649776 0.412198 0.035620 0.035123
0 0.340836 0.601095 0.021030 0.028550
0 0.702701 0.451564 0.033233 0.030748
0 0.184217 0.494685 0.036603 0.034894
0 0.405659 0.674425 0.032896 0.031275
0 0.759121 0.347889 0.038056 0.041565
0 0.238392 0.498919 0.035825 0.031796
0 0.129258 0.341459 0.035609 0.035090
0 0.702971 0.846691 0.030628 0.036777
0 0.594512 0.597908 0.051876 0.037355
0 0.501025 0.441975 0.027940 0.033686
0 0.351628 0.382199 0.035981 0.024988
0 0.500420 0.323068 0.033824 0.033233
0 0.424631 0.883617 0.023964 0.028396
0 0.867636 0.356698 0.036363 0.024017
0 0.184860 0.626882 0.035347 0.029006
0 0.294244 0.566008 0.034045 0.034596
0 0.338354 0.635033 0.030234 0.034091
0 0.403924 0.529905 0.039061 0.037461
0 0.184742 0.341159 0.036846 0.032518
0 0.130553 0.826356 0.034042 0.033168
0 0.308044 0.665688 0.035117 0.040435
0 0.184205 0.509839 0.036829 0.021776
0 0.499340 0.360307 0.035172 0.043175
0 0.458514 0.344586 0.038426 0.040185
0 0.404917 0.648664 0.035800 0.026271
0 0.704286 0.524520 0.028908 0.030328
0 0.295596 0.348587 0.036365 0.030115
0 0.342963 0.669082 0.022068 0.029084
0 0.581459 0.814085 0.027261 0.034588
0 0.757855 0.645260 0.039578 0.031021
0 0.594853 0.413350 0.036784 0.035699
0 0.127513 0.514430 0.041017 0.023526
0 0.239742 0.344104 0.034505 0.031024
0 0.239642 0.303734 0.034500 0.032055
0 0.240274 0.363805 0.035717 0.044716
0 0.236975 0.826484 0.034485 0.029719
0 0.813591 0.345552 0.026118 0.035279
0 0.129014 0.645053 0.039180 0.027325
0 0.405986 0.700005 0.036129 0.029608
0 0.348599 0.502334 0.039170 0.018528
0 0.353055 0.343859 0.035709 0.030981
0 0.239022 0.648116 0.036460 0.027197
0 0.604692 0.851865 0.032942 0.034953
0 0.595367 0.427644 0.037128 0.026586
0 0.606782 0.813982 0.032647 0.037847
0 0.408466 0.348221 0.035264 0.028887
0 0.500302 0.273192 0.034633 0.045206
0 0.609839 0.821882 0.025608 0.028145
0 0.185012 0.646015 0.035662 0.029185
0 0.649288 0.647483 0.036234 0.027077
0 0.407316 0.375636 0.036711 0.017944
0 0.408536 0.337329 0.033307 0.028965
0 0.407020 0.708788 0.036829 0.018902
0 0.295520 0.338162 0.037485 0.028099
0 0.352836 0.355336 0.036189 0.020541
0 0.540712 0.469325 0.038304 0.030960
0 0.866539 0.334369 0.039304 0.028819
0 0.649407 0.435414 0.035917 0.023825
0 0.865950 0.400513 0.040923 0.068865
0 0.411193 0.863918 0.033215 0.032831
0 0.408399 0.359206 0.036621 0.033750
0 0.457492 0.355884 0.039774 0.029752
0 0.591832 0.852041 0.049233 0.037863
0 0.407707 0.781742 0.036864 0.026890
0 0.594020 0.811075 0.045255 0.036160
0 0.592429 0.795510 0.045812 0.058496
0 0.128450 0.503782 0.040411 0.048804
0 0.581989 0.837763 0.027961 0.021205
0 0.128467 0.467445 0.038828 0.036530
0 0.593588 0.886361 0.053422 0.036091
0 0.500284 0.334741 0.033715 0.024214
0 0.236574 0.838220 0.034823 0.026381
0 0.405242 0.603449 0.036835 0.022156
0 0.128078 0.606155 0.040746 0.025687
0 0.702718 0.723980 0.035006 0.018177
0 0.349452 0.472692 0.034188 0.031052
0 0.593398 0.543294 0.038681 0.030504
0 0.409103 0.887816 0.035789 0.030341
0 0.130449 0.841842 0.035417 0.038251
