0 0.194633 0.455012 0.035673 0.048861
0 0.673584 0.743984 0.037550 0.046217
0 0.250028 0.703399 0.033702 0.043742
0 0.882262 0.412900 0.035529 0.041726
0 0.883383 0.917118 0.040009 0.048581
0 0.620106 0.828199 0.037943 0.045992
0 0.778606 0.919164 0.038058 0.047840
0 0.724162 0.455966 0.035384 0.042212
0 0.249771 0.785760 0.038300 0.047558
0 0.410330 0.496695 0.040997 0.046292
0 0.144620 0.536113 0.034986 0.039990
0 0.882979 0.153504 0.035458 0.046473
0 0.304959 0.747965 0.038041 0.047567
0 0.883460 0.497276 0.034076 0.046349
0 0.196937 0.496118 0.035708 0.039480
0 0.460811 0.534309 0.037089 0.041802
0 0.249837 0.917331 0.034801 0.047475
0 0.830751 0.496761 0.035239 0.046297
0 0.619096 0.409315 0.035227 0.038215
0 0.566319 0.827873 0.030144 0.043725
0 0.672658 0.536710 0.031848 0.042267
0 0.567214 0.621410 0.038377 0.044732
0 0.250306 0.410281 0.035952 0.043597
0 0.673028 0.577794 0.031183 0.041721
0 0.461401 0.621271 0.033404 0.047979
0 0.459761 0.746851 0.037696 0.039135
0 0.566241 0.577798 0.038040 0.051535
0 0.461950 0.578462 0.037283 0.045163
0 0.671228 0.411442 0.030867 0.041203
0 0.568164 0.787240 0.034348 0.042012
0 0.671334 0.453056 0.036408 0.049562
0 0.196844 0.374147 0.034397 0.041462
0 0.619956 0.866092 0.035956 0.041943
0 0.408981 0.371151 0.034475 0.048616
0 0.620120 0.745012 0.036096 0.046118
0 0.936974 0.290953 0.037119 0.046170
0 0.883001 0.871343 0.038060 0.047019
0 0.723363 0.412892 0.037873 0.042268
0 0.672194 0.500996 0.033192 0.043516
0 0.409012 0.455049 0.038000 0.043078
0 0.671840 0.667429 0.034553 0.040993
0 0.884828 0.622100 0.036803 0.042534
0 0.881290 0.453944 0.035679 0.048200
0 0.882823 0.371978 0.033084 0.043118
0 0.088176 0.580574 0.034524 0.045554
0 0.196220 0.200283 0.034963 0.038208
0 0.568022 0.533613 0.035843 0.038803
0 0.567983 0.909702 0.029635 0.040233
0 0.462285 0.663213 0.031665 0.034647
0 0.619162 0.534771 0.036385 0.042991
0 0.301715 0.621271 0.033288 0.039961
0 0.195795 0.548874 0.039325 0.035742
0 0.618729 0.453913 0.033386 0.039013
0 0.883425 0.749264 0.035391 0.043923
0 0.462116 0.873753 0.034792 0.045589
0 0.884904 0.706836 0.031797 0.046367
0 0.567323 0.493884 0.039568 0.042540
0 0.830874 0.573740 0.034828 0.041043
0 0.304069 0.917296 0.029234 0.042039
0 0.566516 0.749482 0.036526 0.047357
0 0.673377 0.701275 0.032761 0.035589
0 0.830609 0.706842 0.035811 0.047656
0 0.776806 0.245481 0.034791 0.045702
0 0.620324 0.574986 0.035486 0.048334
0 0.302908 0.831460 0.034995 0.046785
0 0.145451 0.375410 0.032140 0.044090
0 0.923581 0.851096 0.015762 0.032319
0 0.357143 0.414365 0.039407 0.046425
0 0.463055 0.371101 0.031221 0.045008
0 0.142896 0.460344 0.040203 0.038336
0 0.778253 0.873470 0.038794 0.049978
0 0.567450 0.412313 0.032367 0.043409
0 0.779325 0.580355 0.040464 0.046562
0 0.566306 0.660730 0.039299 0.049203
0 0.722595 0.366734 0.036972 0.038659
0 0.883630 0.334229 0.036965 0.045630
0 0.619034 0.656465 0.034975 0.050992
0 0.143860 0.249562 0.039299 0.049568
0 0.514026 0.450082 0.045842 0.044217
0 0.250598 0.539110 0.033921 0.041060
0 0.671556 0.371754 0.030916 0.036109
0 0.251483 0.623202 0.034860 0.042365
0 0.090228 0.329289 0.037558 0.045191
0 0.303702 0.493352 0.038598 0.047256
0 0.461331 0.414678 0.035318 0.042724
0 0.937342 0.203113 0.034094 0.051918
0 0.463242 0.829962 0.033450 0.046767
0 0.249526 0.453130 0.036497 0.045269
0 0.196437 0.526732 0.037273 0.029686
0 0.142729 0.746609 0.035949 0.043325
0 0.778290 0.703321 0.036657 0.045057
0 0.462712 0.452586 0.032318 0.038261
0 0.462410 0.787707 0.035639 0.044998
0 0.197772 0.323748 0.031562 0.034542
0 0.142508 0.705371 0.036740 0.044949
0 0.089314 0.467690 0.034992 0.029543
0 0.671323 0.634452 0.035453 0.029072
0 0.830583 0.368773 0.034671 0.037529
0 0.461645 0.699652 0.038413 0.041018
0 0.829690 0.413513 0.036356 0.040468
0 0.142942 0.495528 0.038955 0.041270
0 0.303759 0.654638 0.031518 0.032872
0 0.882069 0.580506 0.035593 0.048171
0 0.832342 0.620404 0.034052 0.037745
0 0.250030 0.489355 0.036951 0.042997
0 0.303532 0.873934 0.032392 0.048198
0 0.884354 0.248130 0.034740 0.049339
0 0.883282 0.664031 0.033124 0.045464
0 0.671038 0.332976 0.035161 0.041346
0 0.620382 0.786754 0.034927 0.046651
0 0.250374 0.372872 0.034340 0.035185
0 0.090650 0.413625 0.031677 0.047289
0 0.302786 0.371397 0.035272 0.043980
0 0.566522 0.592045 0.038309 0.026075
0 0.673190 0.828757 0.032570 0.037826
0 0.462661 0.494639 0.032775 0.040521
0 0.143714 0.332361 0.037817 0.046742
0 0.620579 0.616285 0.035270 0.038073
0 0.778779 0.830938 0.033568 0.044836
0 0.779172 0.788680 0.035023 0.045320
0 0.778053 0.292707 0.035400 0.052075
0 0.884704 0.787504 0.032010 0.038796
0 0.778472 0.618909 0.030982 0.031084
0 0.776027 0.156665 0.033430 0.048169
0 0.251174 0.867040 0.035100 0.045178
0 0.251320 0.660608 0.032326 0.042029
0 0.778903 0.535912 0.035203 0.045235
0 0.249219 0.748187 0.035169 0.040498
0 0.777658 0.497972 0.033161 0.043313
0 0.303040 0.579596 0.037395 0.053117
0 0.618623 0.705964 0.035951 0.047560
0 0.088662 0.286961 0.034324 0.042433
0 0.670431 0.158404 0.033355 0.041923
0 0.779984 0.746567 0.034655 0.040631
0 0.196863 0.245643 0.034232 0.046546
0 0.827388 0.288363 0.032607 0.047207
0 0.565660 0.454682 0.030648 0.041158
0 0.778629 0.639841 0.029035 0.050621
0 0.777691 0.474860 0.034221 0.042882
0 0.671496 0.466230 0.035948 0.030225
0 0.567141 0.707005 0.032980 0.045250
0 0.301979 0.287978 0.037016 0.046043
0 0.196494 0.413507 0.033612 0.037850
0 0.515961 0.354658 0.043553 0.051072
0 0.461885 0.915466 0.034171 0.044481
0 0.088856 0.499881 0.035189 0.044612
0 0.354221 0.152659 0.032458 0.039057
0 0.250163 0.581867 0.033973 0.049947
0 0.139771 0.663956 0.030630 0.045706
0 0.514627 0.146634 0.047117 0.039819
0 0.672754 0.870725 0.033956 0.035328
0 0.301770 0.329553 0.037335 0.044388
0 0.089234 0.710496 0.035361 0.045965
0 0.778897 0.413233 0.037295 0.044983
0 0.249827 0.201867 0.032692 0.043343
0 0.882613 0.536979 0.033326 0.046208
0 0.092627 0.247278 0.031606 0.041064
0 0.089145 0.370206 0.035861 0.047257
0 0.671955 0.608642 0.034177 0.038388
0 0.883905 0.827389 0.033190 0.041020
0 0.830023 0.330288 0.032688 0.039106
0 0.356600 0.370126 0.036669 0.049379
0 0.302997 0.244119 0.032986 0.039224
0 0.514214 0.467547 0.045367 0.048302
0 0.249708 0.502599 0.036618 0.034888
0 0.565712 0.287101 0.038146 0.045616
0 0.830123 0.455269 0.035805 0.046202
0 0.671048 0.242166 0.038980 0.040771
0 0.196583 0.347049 0.035047 0.025033
0 0.619871 0.907351 0.035579 0.043442
0 0.619653 0.483671 0.035020 0.032537
0 0.777691 0.453647 0.034730 0.044065
0 0.778140 0.326182 0.034051 0.036093
0 0.249909 0.723248 0.035974 0.079747
0 0.566151 0.732874 0.034994 0.029629
0 0.089523 0.662052 0.035810 0.048544
0 0.777407 0.200208 0.034804 0.041494
0 0.515838 0.372968 0.044940 0.044254
0 0.303449 0.674869 0.034150 0.038983
0 0.566544 0.382228 0.031683 0.029523
0 0.619468 0.364164 0.035518 0.031917
0 0.303293 0.709859 0.033531 0.037404
0 0.302384 0.420251 0.034174 0.034160
0 0.250990 0.824959 0.033784 0.045701
0 0.779361 0.372699 0.030858 0.038693
0 0.937217 0.247797 0.035051 0.046635
0 0.142760 0.613424 0.036813 0.022491
0 0.778253 0.311357 0.034353 0.042978
0 0.144431 0.291358 0.035163 0.044516
0 0.619418 0.377892 0.035812 0.025622
0 0.884678 0.202563 0.032039 0.043914
0 0.461018 0.328498 0.037170 0.044976
0 0.303127 0.692738 0.035256 0.050016
0 0.527743 0.742075 0.027931 0.046328
0 0.249499 0.244624 0.032163 0.042130
0 0.250368 0.279581 0.031367 0.034456
0 0.673294 0.277477 0.028938 0.030619
0 0.249245 0.764036 0.036630 0.046056
0 0.303688 0.790159 0.031376 0.039323
0 0.517506 0.307064 0.043585 0.045782
0 0.619266 0.291358 0.033830 0.043786
0 0.671786 0.310144 0.035178 0.032301
0 0.514424 0.242552 0.041204 0.041348
0 0.724295 0.285322 0.035246 0.044818
0 0.565181 0.322530 0.040118 0.051911
0 0.144476 0.156461 0.034058 0.042522
0 0.143673 0.416685 0.037392 0.041906
0 0.302907 0.458632 0.036745 0.042580
0 0.249844 0.596978 0.035687 0.041678
0 0.407706 0.285647 0.034714 0.042724
0 0.565625 0.368785 0.033800 0.045654
0 0.568376 0.863069 0.036252 0.026122
0 0.089732 0.529918 0.037085 0.028814
0 0.408843 0.326207 0.036236 0.043765
0 0.197931 0.299958 0.029838 0.026780
0 0.303108 0.537110 0.032895 0.042147
0 0.461807 0.287668 0.036558 0.044446
0 0.673430 0.777165 0.036897 0.022339
0 0.356372 0.290621 0.035270 0.047543
0 0.831431 0.667358 0.033026 0.038397
0 0.250742 0.292060 0.032887 0.029990
0 0.142454 0.725581 0.036801 0.041497
0 0.250502 0.321815 0.034463 0.041584
0 0.091323 0.208038 0.034988 0.044087
0 0.302264 0.155757 0.031447 0.045934
0 0.672099 0.910431 0.040180 0.048204
0 0.779064 0.343531 0.031867 0.035716
0 0.356935 0.234888 0.035150 0.035082
0 0.250360 0.880970 0.035124 0.035268
0 0.672574 0.299557 0.033267 0.023445
0 0.516774 0.335778 0.043453 0.048904
0 0.884505 0.224048 0.031977 0.026991
0 0.089942 0.153881 0.034050 0.033762
0 0.829981 0.480823 0.035547 0.040392
0 0.089514 0.696040 0.035631 0.032488
0 0.143953 0.579959 0.035766 0.049108
0 0.619546 0.330129 0.036162 0.038887
0 0.355779 0.200688 0.033787 0.036111
0 0.302676 0.436906 0.036245 0.063250
0 0.514715 0.421648 0.049997 0.045846
0 0.302408 0.199062 0.034241 0.043444
0 0.371258 0.729998 0.011434 0.028627
0 0.513472 0.165555 0.048751 0.065773
0 0.565485 0.337815 0.036218 0.044506
0 0.670170 0.200158 0.034867 0.043203
0 0.197961 0.274958 0.031154 0.024452
0 0.778928 0.728870 0.036579 0.055201
0 0.409616 0.402039 0.037761 0.027043
0 0.144675 0.206022 0.037841 0.041610
0 0.090917 0.189064 0.035254 0.025159
0 0.723501 0.324340 0.036638 0.019583
0 0.141725 0.648966 0.037135 0.074367
0 0.883879 0.287200 0.035865 0.035019
0 0.356401 0.347090 0.035458 0.035494
0 0.513123 0.279325 0.037683 0.032362
0 0.089769 0.615504 0.033086 0.056264
0 0.356479 0.313093 0.035297 0.037419
0 0.355676 0.255700 0.031578 0.029669
0 0.778234 0.659937 0.031659 0.044571
0 0.376217 0.656864 0.022029 0.026775
0 0.356628 0.333084 0.035717 0.043992
0 0.924681 0.827395 0.020863 0.057748
0 0.514480 0.481565 0.043209 0.025119
0 0.831594 0.525073 0.036404 0.038412
0 0.145246 0.554102 0.034457 0.044571
0 0.409295 0.417468 0.039129 0.035780
0 0.777174 0.227828 0.035513 0.027031
0 0.671132 0.230725 0.037618 0.030623
0 0.514336 0.227641 0.043088 0.051678
0 0.673877 0.795613 0.037046 0.050829
0 0.831842 0.592547 0.034714 0.071770
0 0.089516 0.518716 0.035584 0.023503
0 0.619646 0.504317 0.034969 0.060637
0 0.249799 0.351976 0.035160 0.040831
0 0.780060 0.806614 0.036758 0.041181
0 0.303408 0.554967 0.035914 0.024240
0 0.375472 0.677563 0.024195 0.065549
0 0.883619 0.727488 0.036295 0.088762
0 0.883525 0.302716 0.034583 0.022795
0 0.883891 0.601583 0.035944 0.042830
0 0.513433 0.185228 0.045423 0.037015
0 0.090153 0.443336 0.034888 0.028936
0 0.619779 0.309027 0.034975 0.040627
0 0.090030 0.267696 0.037685 0.044126
0 0.426750 0.672244 0.017837 0.021629
0 0.302414 0.213608 0.035107 0.025119
0 0.498993 0.744851 0.024102 0.036978
0 0.514535 0.211794 0.043808 0.032108
0 0.831038 0.550604 0.036689 0.041668
0 0.089742 0.557912 0.034254 0.025636
0 0.356848 0.267627 0.034370 0.027768
0 0.566874 0.882306 0.030746 0.025519
0 0.141498 0.627502 0.034778 0.033397
