0 0.294195 0.861780 0.035728 0.049711
0 0.705300 0.867501 0.035403 0.050048
0 0.808689 0.409839 0.034569 0.044451
0 0.088807 0.780437 0.033009 0.043693
0 0.910112 0.617541 0.037794 0.039485
0 0.087921 0.904573 0.033465 0.046903
0 0.087671 0.821596 0.037361 0.046781
0 0.604100 0.454106 0.037793 0.047444
0 0.501014 0.443864 0.042754 0.046648
0 0.912129 0.661780 0.032258 0.045929
0 0.297823 0.196731 0.032207 0.042748
0 0.511946 0.735308 0.027605 0.047844
0 0.294648 0.906702 0.035095 0.043222
0 0.859412 0.743754 0.035037 0.050784
0 0.400119 0.279095 0.031405 0.047570
0 0.242675 0.449555 0.034415 0.047208
0 0.140449 0.320718 0.036417 0.043885
0 0.860886 0.616526 0.030759 0.048885
0 0.244686 0.238990 0.036050 0.047403
0 0.296698 0.238891 0.037560 0.042536
0 0.192778 0.366277 0.036389 0.046155
0 0.860646 0.660200 0.035402 0.041076
0 0.243737 0.363505 0.034297 0.051340
0 0.295796 0.319602 0.035650 0.039995
0 0.189879 0.907365 0.035662 0.048316
0 0.088638 0.860541 0.033231 0.040844
0 0.758983 0.156244 0.031576 0.049028
0 0.859771 0.290358 0.035801 0.047016
0 0.297083 0.403171 0.036965 0.037948
0 0.808494 0.368918 0.035966 0.046830
0 0.296665 0.436836 0.033129 0.036207
0 0.399921 0.236660 0.032006 0.047766
0 0.189370 0.874833 0.034705 0.034195
0 0.450774 0.445006 0.033381 0.039157
0 0.190831 0.699615 0.035130 0.040352
0 0.654344 0.286094 0.039924 0.047813
0 0.705832 0.824948 0.035987 0.048239
0 0.860246 0.910989 0.028120 0.042281
0 0.346084 0.197256 0.037091 0.046750
0 0.705687 0.703889 0.033177 0.042501
0 0.294257 0.530203 0.040743 0.045827
0 0.859835 0.699798 0.035482 0.044700
0 0.707645 0.156518 0.035231 0.048189
0 0.858910 0.829078 0.034972 0.045125
0 0.294617 0.774919 0.038054 0.053602
0 0.911709 0.912838 0.045002 0.054778
0 0.757798 0.370871 0.036743 0.049385
0 0.551946 0.369509 0.032520 0.044534
0 0.296160 0.698075 0.038964 0.051367
0 0.449653 0.371169 0.032164 0.045379
0 0.088500 0.699629 0.035228 0.048090
0 0.088153 0.656500 0.034483 0.045392
0 0.142175 0.279334 0.036483 0.046216
0 0.190240 0.656353 0.036202 0.052017
0 0.705070 0.617781 0.036792 0.042479
0 0.089145 0.404957 0.039169 0.049776
0 0.295197 0.485735 0.036620 0.046897
0 0.191277 0.783071 0.032347 0.047709
0 0.087418 0.842673 0.036150 0.058699
0 0.193720 0.192726 0.035246 0.043587
0 0.088734 0.739038 0.034386 0.046586
0 0.090080 0.528957 0.037957 0.049165
0 0.450130 0.490636 0.033679 0.043083
0 0.244739 0.279324 0.035921 0.048117
0 0.243593 0.406416 0.036308 0.039451
0 0.911372 0.245673 0.033786 0.049281
0 0.860543 0.790930 0.033696 0.047400
0 0.191237 0.613567 0.038944 0.045748
0 0.911603 0.743862 0.033220 0.049462
0 0.450312 0.403541 0.030767 0.045428
0 0.450415 0.151911 0.036063 0.047494
0 0.552737 0.330287 0.035887 0.042687
0 0.347797 0.147496 0.034644 0.048451
0 0.706075 0.578635 0.037177 0.041047
0 0.192837 0.321691 0.037199 0.047374
0 0.190196 0.481188 0.034200 0.048887
0 0.087963 0.364259 0.037000 0.043716
0 0.295309 0.742994 0.037366 0.041838
0 0.859051 0.414798 0.036422 0.049021
0 0.090587 0.489736 0.035505 0.042600
0 0.602920 0.368480 0.034250 0.046348
0 0.706315 0.784097 0.034145 0.046912
0 0.143728 0.237552 0.034569 0.038835
0 0.191922 0.570346 0.033256 0.050058
0 0.604292 0.203359 0.034375 0.039284
0 0.296072 0.569694 0.035631 0.043107
0 0.400113 0.209837 0.034050 0.031122
0 0.142176 0.193687 0.035041 0.048722
0 0.451915 0.190739 0.034658 0.039402
0 0.503572 0.139788 0.046009 0.045858
0 0.604637 0.285164 0.035431 0.043560
0 0.705362 0.411449 0.037326 0.048434
0 0.090315 0.565463 0.029769 0.029638
0 0.911091 0.789667 0.033241 0.044656
0 0.294503 0.822945 0.038042 0.041684
0 0.911541 0.830429 0.032558 0.044528
0 0.295342 0.365220 0.038826 0.047855
0 0.706011 0.367444 0.036746 0.047878
0 0.193592 0.279203 0.035343 0.048809
0 0.450707 0.326421 0.031882 0.042085
0 0.912370 0.157016 0.031522 0.047110
0 0.244948 0.192104 0.037934 0.037140
0 0.809376 0.327720 0.032267 0.043515
0 0.553247 0.240001 0.035257 0.044954
0 0.190261 0.737821 0.035197 0.043812
0 0.191392 0.840755 0.031172 0.042452
0 0.297260 0.179477 0.033241 0.034845
0 0.398757 0.194756 0.038603 0.050443
0 0.089379 0.446293 0.037013 0.046636
0 0.758145 0.246915 0.036169 0.046635
0 0.092580 0.146636 0.035517 0.052962
0 0.192428 0.401271 0.032407 0.035166
0 0.194207 0.148164 0.035746 0.050217
0 0.553172 0.284924 0.033949 0.045843
0 0.602912 0.409015 0.034134 0.050889
0 0.910309 0.635970 0.036982 0.070175
0 0.089647 0.588536 0.031517 0.026181
0 0.399705 0.151237 0.035205 0.047134
0 0.243284 0.324321 0.035957 0.044495
0 0.295601 0.676513 0.037329 0.058082
0 0.910992 0.577487 0.033492 0.043030
0 0.910566 0.372356 0.033430 0.046836
0 0.910478 0.499540 0.035186 0.047570
0 0.705774 0.488340 0.034243 0.042062
0 0.604283 0.240536 0.035559 0.052346
0 0.193813 0.234078 0.035505 0.045690
0 0.911294 0.413382 0.032476 0.046359
0 0.860489 0.493823 0.033086 0.042084
0 0.297509 0.279540 0.034923 0.041335
0 0.502409 0.235987 0.044965 0.042430
0 0.192283 0.417548 0.031242 0.045566
0 0.911534 0.702263 0.032072 0.039561
0 0.707784 0.235015 0.030678 0.038403
0 0.655727 0.246251 0.036298 0.046992
0 0.089874 0.322384 0.037626 0.053934
0 0.656448 0.198031 0.035394 0.046603
0 0.705437 0.661857 0.034401 0.051231
0 0.296418 0.603723 0.031955 0.032393
0 0.604376 0.328823 0.035063 0.042253
0 0.189976 0.527313 0.035109 0.050084
0 0.757716 0.200619 0.036519 0.044598
0 0.294965 0.659349 0.035630 0.043764
0 0.911448 0.537468 0.031887 0.040780
0 0.859991 0.581196 0.032996 0.036195
0 0.190802 0.824960 0.033047 0.049486
0 0.859523 0.536067 0.032752 0.048352
0 0.912125 0.200252 0.034847 0.048250
0 0.706237 0.742623 0.035746 0.051258
0 0.757816 0.289375 0.035959 0.047420
0 0.503150 0.301676 0.044810 0.050700
0 0.295794 0.619346 0.033792 0.040606
0 0.705675 0.524672 0.035429 0.040093
0 0.297811 0.156850 0.035459 0.041601
0 0.706298 0.326405 0.036943 0.046897
0 0.757697 0.328618 0.037285 0.044569
0 0.088164 0.605880 0.034682 0.052063
0 0.555363 0.147820 0.033908 0.047628
0 0.297947 0.140095 0.036174 0.030283
0 0.705605 0.548231 0.035216 0.034187
0 0.859508 0.863751 0.032362 0.036122
0 0.859581 0.565794 0.032090 0.034986
0 0.554858 0.197810 0.037832 0.042758
0 0.860084 0.455350 0.033777 0.041285
0 0.859447 0.326074 0.035667 0.042846
0 0.450526 0.233581 0.031198 0.038416
0 0.450902 0.286145 0.031689 0.036772
0 0.501911 0.270828 0.040637 0.034837
0 0.602804 0.155339 0.039048 0.052292
0 0.911652 0.868055 0.036191 0.043123
0 0.089756 0.236108 0.034550 0.039713
0 0.502762 0.350520 0.045641 0.052540
0 0.451109 0.210675 0.032829 0.042601
0 0.704857 0.452713 0.038169 0.042542
0 0.911818 0.306369 0.035690 0.061117
0 0.705080 0.630836 0.035993 0.035283
0 0.911958 0.290606 0.032777 0.036897
0 0.192938 0.430507 0.033065 0.034315
0 0.911037 0.456825 0.034753 0.044429
0 0.706160 0.288249 0.036577 0.044844
0 0.089153 0.279787 0.035223 0.047882
0 0.911023 0.774335 0.033566 0.034849
0 0.604165 0.174748 0.036369 0.030080
0 0.091515 0.196139 0.036705 0.053046
0 0.858155 0.371628 0.037470 0.036709
0 0.450267 0.312041 0.032293 0.032243
0 0.707666 0.199034 0.034593 0.040048
0 0.554727 0.177619 0.036694 0.031712
0 0.191598 0.455981 0.034501 0.032480
0 0.450561 0.271158 0.031312 0.033232
0 0.501644 0.405402 0.053956 0.041307
0 0.193720 0.221678 0.034751 0.027545
0 0.705859 0.307808 0.036980 0.059328
0 0.295885 0.450682 0.035799 0.038979
0 0.501559 0.384561 0.052929 0.066194
0 0.911078 0.427553 0.034536 0.034377
0 0.090355 0.467446 0.036783 0.072368
0 0.910674 0.346057 0.033746 0.019374
0 0.504189 0.175261 0.043099 0.034184
0 0.502762 0.204571 0.044926 0.031207
0 0.048880 0.432435 0.023408 0.054654
0 0.705375 0.636449 0.035365 0.070863
0 0.194198 0.210270 0.034405 0.017823
0 0.191221 0.596959 0.036999 0.037011
0 0.860099 0.470131 0.033152 0.042342
0 0.046005 0.452141 0.019115 0.018182
0 0.192284 0.546554 0.033489 0.031184
0 0.237364 0.819392 0.022765 0.031320
0 0.503004 0.324791 0.045056 0.066478
0 0.943320 0.866547 0.016748 0.041653
0 0.912001 0.215820 0.033846 0.039125
0 0.294540 0.588267 0.035746 0.041443
0 0.860257 0.679493 0.037663 0.078347
0 0.090243 0.257801 0.037097 0.037245
0 0.808867 0.284582 0.037384 0.016799
0 0.911055 0.325197 0.032673 0.038255
0 0.501954 0.473433 0.045878 0.031477
0 0.059417 0.096675 0.035588 0.036305
0 0.656584 0.216682 0.035370 0.029203
0 0.502340 0.509653 0.041540 0.050044
0 0.758013 0.175715 0.034982 0.078785
0 0.910723 0.853088 0.034374 0.048301
0 0.706763 0.258452 0.034580 0.032469
0 0.704802 0.900030 0.037271 0.029985
0 0.859926 0.814449 0.031829 0.031374
0 0.860111 0.514363 0.031373 0.034324
0 0.757961 0.221742 0.034671 0.024158
0 0.808945 0.311975 0.035333 0.053503
0 0.294006 0.550594 0.037326 0.033492
0 0.955093 0.085637 0.019320 0.026216
0 0.090442 0.554479 0.035463 0.022999
