0 0.139241 0.913674 0.034414 0.046408
0 0.293191 0.697340 0.037151 0.043502
0 0.141176 0.243821 0.033247 0.047119
0 0.703822 0.912246 0.035649 0.047833
0 0.345041 0.739772 0.038316 0.049086
0 0.294046 0.822072 0.031694 0.044470
0 0.087344 0.453345 0.034880 0.042276
0 0.139922 0.411146 0.037210 0.044988
0 0.807855 0.902200 0.034329 0.054084
0 0.757157 0.703435 0.038495 0.045239
0 0.397399 0.574624 0.034993 0.035894
0 0.497981 0.443929 0.049213 0.047555
0 0.294161 0.866014 0.030983 0.045108
0 0.242098 0.328118 0.040602 0.048936
0 0.344990 0.610034 0.034599 0.061119
0 0.142359 0.155253 0.035679 0.048135
0 0.089116 0.407001 0.037786 0.049730
0 0.192383 0.327494 0.036724 0.042771
0 0.140105 0.365729 0.030995 0.049008
0 0.652521 0.283417 0.035329 0.044346
0 0.293588 0.618932 0.035427 0.046673
0 0.292447 0.780491 0.035667 0.046931
0 0.344673 0.533755 0.036367 0.048386
0 0.704983 0.853420 0.035809 0.065787
0 0.810317 0.827858 0.036174 0.045103
0 0.345531 0.703949 0.037519 0.043034
0 0.347313 0.405177 0.033520 0.042714
0 0.295074 0.322964 0.035027 0.050818
0 0.346301 0.675873 0.034187 0.041391
0 0.513258 0.737586 0.027571 0.044090
0 0.190538 0.245563 0.036065 0.045410
0 0.705166 0.699411 0.037640 0.042985
0 0.859152 0.786788 0.038656 0.043276
0 0.397301 0.328876 0.038986 0.042071
0 0.705450 0.531435 0.036400 0.047034
0 0.705484 0.408449 0.033493 0.042498
0 0.399031 0.530256 0.035921 0.048480
0 0.451556 0.196680 0.032299 0.049567
0 0.809798 0.534463 0.031512 0.047988
0 0.140895 0.285771 0.027078 0.037207
0 0.137861 0.867042 0.035120 0.046091
0 0.398346 0.412239 0.034388 0.040909
0 0.451574 0.150232 0.031361 0.043846
0 0.139187 0.451581 0.033426 0.041861
0 0.137993 0.824889 0.034548 0.047651
0 0.294309 0.153546 0.040030 0.049418
0 0.808269 0.882309 0.033133 0.048032
0 0.704372 0.781992 0.038109 0.049281
0 0.294255 0.451884 0.036547 0.050769
0 0.808503 0.784820 0.035532 0.050244
0 0.088108 0.657384 0.035779 0.046432
0 0.139479 0.658210 0.033896 0.052624
0 0.808935 0.866316 0.034425 0.044445
0 0.398095 0.613855 0.033096 0.039917
0 0.345252 0.489993 0.037172 0.046538
0 0.296012 0.911630 0.030404 0.046404
0 0.807307 0.152468 0.033913 0.047879
0 0.139544 0.489398 0.033827 0.045348
0 0.704394 0.366245 0.033411 0.045809
0 0.345391 0.633561 0.035228 0.036186
0 0.705818 0.738791 0.035228 0.048458
0 0.859725 0.743362 0.034067 0.046822
0 0.292343 0.245153 0.037026 0.049510
0 0.292930 0.647977 0.035933 0.061982
0 0.703160 0.155402 0.037692 0.050982
0 0.295322 0.369125 0.037316 0.047634
0 0.758453 0.657100 0.033601 0.048239
0 0.346013 0.447657 0.033290 0.046002
0 0.602569 0.246144 0.035363 0.047749
0 0.346921 0.662645 0.033228 0.038743
0 0.190960 0.154635 0.035932 0.047585
0 0.345721 0.196927 0.033230 0.047045
0 0.858834 0.699974 0.035588 0.047903
0 0.705286 0.451402 0.033792 0.044739
0 0.293619 0.739186 0.031723 0.040341
0 0.499812 0.238862 0.044919 0.043109
0 0.601417 0.201182 0.032266 0.045586
0 0.294237 0.493579 0.037391 0.043439
0 0.551483 0.323863 0.034155 0.048496
0 0.909639 0.155100 0.038477 0.054106
0 0.910342 0.536078 0.032805 0.044566
0 0.191604 0.289310 0.038518 0.041658
0 0.399014 0.358474 0.033339 0.030575
0 0.705075 0.664249 0.038340 0.041025
0 0.089297 0.537792 0.038341 0.050110
0 0.808496 0.405781 0.035564 0.036774
0 0.553343 0.235773 0.037624 0.040556
0 0.398440 0.491301 0.038590 0.047189
0 0.087553 0.573365 0.036848 0.044255
0 0.346032 0.581355 0.032150 0.043394
0 0.346226 0.341850 0.034177 0.047450
0 0.293838 0.538782 0.035096 0.042176
0 0.705908 0.822604 0.034603 0.048582
0 0.755609 0.288375 0.034716 0.046704
0 0.139099 0.533508 0.031605 0.044756
0 0.704296 0.199444 0.037076 0.047757
0 0.347540 0.288934 0.032391 0.059725
0 0.398815 0.240372 0.032175 0.044695
0 0.552983 0.150580 0.036200 0.046650
0 0.809124 0.447433 0.035953 0.043237
0 0.292760 0.666291 0.036687 0.044929
0 0.346948 0.242346 0.032342 0.039723
0 0.705739 0.324052 0.032113 0.045039
0 0.346686 0.373915 0.034128 0.035613
0 0.397415 0.297839 0.035893 0.036760
0 0.396104 0.146573 0.038636 0.040338
0 0.295370 0.198610 0.035696 0.049126
0 0.756242 0.244834 0.035300 0.041922
0 0.398211 0.468188 0.038238 0.052024
0 0.294647 0.411025 0.037495 0.041812
0 0.757100 0.365286 0.034112 0.042629
0 0.806786 0.327555 0.036390 0.045969
0 0.502890 0.305074 0.043243 0.046833
0 0.139275 0.698368 0.031062 0.041625
0 0.138484 0.615204 0.031820 0.047492
0 0.858492 0.577815 0.033788 0.051957
0 0.808116 0.738798 0.033736 0.042366
0 0.859339 0.486347 0.035260 0.058973
0 0.397910 0.387502 0.034948 0.036295
0 0.138813 0.326979 0.030732 0.044364
0 0.138258 0.573154 0.030089 0.047969
0 0.859316 0.443248 0.032460 0.038285
0 0.138847 0.735547 0.030854 0.045701
0 0.858607 0.407471 0.031908 0.041971
0 0.755798 0.328912 0.038716 0.044621
0 0.139583 0.428284 0.035730 0.033456
0 0.087607 0.495164 0.035173 0.048434
0 0.551478 0.369159 0.034878 0.034420
0 0.192270 0.190272 0.034854 0.034122
0 0.806320 0.202814 0.035018 0.049752
0 0.399032 0.508825 0.036199 0.058442
0 0.242492 0.279896 0.028840 0.041102
0 0.757215 0.406081 0.034577 0.048567
0 0.500235 0.353367 0.049879 0.053609
0 0.808664 0.706401 0.034151 0.032646
0 0.292919 0.273943 0.035868 0.028027
0 0.706069 0.570502 0.036480 0.043896
0 0.501176 0.286970 0.044353 0.059493
0 0.090745 0.248304 0.034255 0.037123
0 0.088536 0.368574 0.036026 0.039650
0 0.705627 0.236196 0.035988 0.048865
0 0.756638 0.451152 0.035534 0.038949
0 0.346920 0.152457 0.033296 0.047508
0 0.809450 0.807170 0.035513 0.067452
0 0.293904 0.293254 0.034458 0.033915
0 0.706994 0.616267 0.033861 0.050938
0 0.140686 0.259308 0.031952 0.025893
0 0.909914 0.413907 0.033318 0.040410
0 0.294274 0.587511 0.034939 0.041865
0 0.551954 0.281762 0.032345 0.049002
0 0.602081 0.156129 0.032442 0.051494
0 0.293948 0.564344 0.035708 0.029336
0 0.295616 0.178916 0.036967 0.033143
0 0.397918 0.195918 0.034961 0.042143
0 0.808185 0.369815 0.034900 0.044625
0 0.757009 0.569367 0.033608 0.045888
0 0.858029 0.243123 0.034308 0.049081
0 0.139574 0.502110 0.033389 0.028989
0 0.704821 0.490950 0.037510 0.046627
0 0.858092 0.623856 0.035517 0.043568
0 0.450599 0.241589 0.029587 0.040458
0 0.397921 0.441791 0.036284 0.038206
0 0.809705 0.658056 0.035130 0.055285
0 0.498408 0.469431 0.048459 0.040245
0 0.807938 0.584097 0.033720 0.038944
0 0.089069 0.287318 0.035287 0.051356
0 0.397884 0.283152 0.033201 0.048064
0 0.756764 0.529725 0.032997 0.043971
0 0.191259 0.212538 0.033310 0.031272
0 0.807722 0.492407 0.034934 0.050676
0 0.805505 0.289876 0.036152 0.045200
0 0.704565 0.352054 0.034496 0.041313
0 0.908987 0.446316 0.035259 0.034292
0 0.705401 0.284737 0.034508 0.045750
0 0.858005 0.285675 0.036667 0.057328
0 0.756871 0.615322 0.034605 0.051436
0 0.087967 0.336907 0.032556 0.034704
0 0.756615 0.201184 0.036379 0.045273
0 0.499974 0.402012 0.054081 0.053144
0 0.858021 0.334833 0.033304 0.043697
0 0.397940 0.181595 0.034399 0.027901
0 0.090456 0.190837 0.032943 0.034840
0 0.909816 0.364334 0.032976 0.042791
0 0.501021 0.140798 0.045800 0.043139
0 0.087629 0.614595 0.033539 0.044375
0 0.860071 0.525553 0.033502 0.032211
0 0.551415 0.197146 0.033041 0.047205
0 0.704919 0.510756 0.036973 0.038718
0 0.756513 0.490479 0.035712 0.045458
0 0.909832 0.200005 0.035933 0.047060
0 0.090250 0.228712 0.033356 0.042950
0 0.913522 0.286198 0.035384 0.048101
0 0.858498 0.198595 0.035184 0.043631
0 0.501819 0.206932 0.044780 0.033304
0 0.138386 0.770839 0.032349 0.036911
0 0.858540 0.593822 0.033746 0.037935
0 0.910251 0.500072 0.033739 0.036801
0 0.141981 0.202544 0.038258 0.041315
0 0.345785 0.566193 0.033932 0.028932
0 0.502893 0.176793 0.041268 0.032599
0 0.807886 0.603423 0.035224 0.045921
0 0.858141 0.371756 0.033719 0.038817
0 0.806474 0.249320 0.034915 0.045210
0 0.087812 0.302245 0.033320 0.038854
0 0.944394 0.875245 0.017390 0.040866
0 0.809166 0.569726 0.032596 0.045894
0 0.500695 0.375573 0.052269 0.043606
0 0.756714 0.508939 0.033828 0.035855
0 0.859121 0.669816 0.033028 0.036066
0 0.858028 0.157699 0.034814 0.044582
0 0.293742 0.802772 0.034687 0.080194
0 0.858301 0.179408 0.034178 0.045192
0 0.967795 0.144101 0.030019 0.060794
0 0.807087 0.168346 0.034302 0.027789
0 0.858021 0.143243 0.033803 0.036974
0 0.088660 0.521902 0.035543 0.041499
0 0.706082 0.805650 0.034774 0.047835
0 0.908952 0.462250 0.034007 0.057023
0 0.294001 0.521019 0.035933 0.036813
0 0.809316 0.848889 0.032613 0.028736
0 0.704165 0.175110 0.037301 0.049655
0 0.499548 0.483384 0.044407 0.018386
0 0.293682 0.894090 0.032030 0.042240
0 0.963474 0.337020 0.028111 0.048632
0 0.138828 0.884008 0.034758 0.028605
0 0.503630 0.324699 0.044287 0.070256
0 0.500317 0.507525 0.043628 0.054799
0 0.602644 0.223961 0.033196 0.025697
0 0.859297 0.558018 0.032174 0.022833
0 0.706737 0.637308 0.036043 0.053462
0 0.757592 0.594392 0.033396 0.026430
0 0.242481 0.290526 0.036709 0.049550
0 0.292776 0.229392 0.037649 0.040003
0 0.505275 0.522505 0.025007 0.039282
0 0.705553 0.470475 0.034842 0.062236
0 0.757125 0.469498 0.035590 0.065336
0 0.944680 0.892843 0.018739 0.031915
0 0.088592 0.478960 0.034591 0.031127
0 0.705450 0.258764 0.035252 0.026991
0 0.910172 0.321115 0.036665 0.020925
